timestamp,Date,Time,Indoor-Temp(°C),Humidity(%),CO2(ppm),Weather,Control,temperature_2m (°C),relative_humidity_2m (%),direct_radiation (W/m²),diffuse_radiation (W/m²),dew_point_2m (°C),apparent_temperature (°C),precipitation (mm),rain (mm),snowfall (cm),snow_depth (m),weather_code (wmo code),pressure_msl (hPa),surface_pressure (hPa),cloud_cover (%),cloud_cover_low (%),cloud_cover_mid (%),cloud_cover_high (%),et0_fao_evapotranspiration (mm),vapour_pressure_deficit (kPa),wind_gusts_10m (km/h),wind_direction_100m (°),wind_speed_10m (km/h),wind_speed_100m (km/h),wind_direction_10m (°),soil_temperature_0_to_7cm (°C),soil_temperature_7_to_28cm (°C),soil_temperature_28_to_100cm (°C),soil_temperature_100_to_255cm (°C),soil_moisture_0_to_7cm (m³/m³),soil_moisture_7_to_28cm (m³/m³),soil_moisture_28_to_100cm (m³/m³),soil_moisture_100_to_255cm (m³/m³),shortwave_radiation (W/m²),direct_normal_irradiance (W/m²),global_tilted_irradiance (W/m²),terrestrial_radiation (W/m²),terrestrial_radiation_instant (W/m²),global_tilted_irradiance_instant (W/m²),direct_normal_irradiance_instant (W/m²),diffuse_radiation_instant (W/m²),direct_radiation_instant (W/m²),shortwave_radiation_instant (W/m²)
2024-07-01 00:00:00,45474.0,0.0,20.2,64.5,2252,暴雨~大雨,PID,26.2,87.0,19.0,150.0,23.8,30.1,0.0,0.0,0.0,0.0,3.0,1001.5,999.2,100.0,100.0,1.0,0.0,0.13,0.45,26.6,194.0,14.8,19.6,194.0,25.7,25.4,23.0,18.2,0.391,0.405,0.395,0.296,169.0,39.7,169.0,632.9,757.1,202.2,47.5,179.4,22.7,202.2
2024-07-01 00:30:00,45474.0,0.0208333333333333,20.1,64.7,2147,暴雨~大雨,PID,26.25,87.5,27.5,158.0,24.0,30.200000000000003,0.1,0.1,0.0,0.0,27.0,1001.3,999.0,100.0,100.0,15.5,38.5,0.14,0.42500000000000004,27.0,183.0,15.05,20.15,182.5,25.85,25.4,23.0,18.2,0.3925,0.405,0.395,0.296,185.5,47.2,185.5,751.5999999999999,866.9000000000001,214.45,54.45,182.85000000000002,31.549999999999997,214.45
2024-07-01 01:00:00,45474.0,0.0416666666666667,20,65.0,2220,暴雨~大雨,PID,26.3,88.0,36.0,166.0,24.2,30.3,0.2,0.2,0.0,0.0,51.0,1001.1,998.8,100.0,100.0,30.0,77.0,0.15,0.4,27.4,172.0,15.3,20.7,171.0,26.0,25.4,23.0,18.2,0.394,0.405,0.395,0.296,202.0,54.7,202.0,870.3,976.7,226.7,61.4,186.3,40.4,226.7
2024-07-01 01:30:00,45474.0,0.0625,19.9,65.3,2263,暴雨~大雨,PID,26.6,87.0,32.0,183.0,24.299999999999997,30.5,0.15000000000000002,0.15000000000000002,0.0,0.0,51.0,1001.2,998.9,98.0,97.5,22.0,44.0,0.16,0.44,29.0,184.0,16.200000000000003,21.95,183.0,26.15,25.4,23.0,18.2,0.394,0.4045,0.395,0.296,215.0,44.7,215.0,968.6999999999999,1062.6,236.05,49.4,200.8,35.25,236.05
2024-07-01 02:00:00,45474.0,0.0833333333333333,19.9,65.8,2240,暴雨~大雨,PID,26.9,86.0,28.0,200.0,24.4,30.7,0.1,0.1,0.0,0.0,51.0,1001.3,999.0,96.0,95.0,14.0,11.0,0.17,0.48,30.6,196.0,17.1,23.2,195.0,26.3,25.4,23.0,18.2,0.394,0.404,0.395,0.296,228.0,34.7,228.0,1067.1,1148.5,245.4,37.4,215.3,30.1,245.4
2024-07-01 02:30:00,45474.0,0.104166666666667,20,66.4,2230,暴雨~大雨,PID,27.45,85.0,72.5,248.5,24.65,31.700000000000003,0.1,0.1,0.0,0.0,51.0,1001.2,998.9,79.5,52.0,18.0,29.0,0.235,0.55,30.4,194.5,15.200000000000001,20.1,194.0,26.700000000000003,25.45,23.0,18.2,0.394,0.404,0.395,0.296,321.0,81.30000000000001,321.0,1138.55,1204.65,338.4,85.35,262.4,76.0,338.4
2024-07-01 03:00:00,45474.0,0.125,20.1,67.0,2331,暴雨~大雨,PID,28.0,84.0,117.0,297.0,24.9,32.7,0.1,0.1,0.0,0.0,51.0,1001.1,998.8,63.0,9.0,22.0,47.0,0.3,0.62,30.2,193.0,13.3,17.0,193.0,27.1,25.5,23.0,18.2,0.394,0.404,0.395,0.296,414.0,127.9,414.0,1210.0,1260.8,431.4,133.3,309.5,121.9,431.4
2024-07-01 03:30:00,45474.0,0.145833333333333,20.2,67.6,2350,暴雨~大雨,PID,28.8,81.5,287.0,296.5,25.25,34.3,0.1,0.1,0.0,0.0,51.0,1000.6,998.3,81.5,54.5,18.0,23.5,0.41000000000000003,0.745,30.2,197.0,13.55,17.15,196.5,27.85,25.55,23.0,18.2,0.393,0.4035,0.395,0.296,583.5,298.45000000000005,583.5,1249.6,1283.4499999999998,597.0999999999999,304.25,304.7,292.45000000000005,597.0999999999999
2024-07-01 04:00:00,45474.0,0.166666666666667,20.3,68.3,2307,暴雨~大雨,PID,29.6,79.0,457.0,296.0,25.6,35.9,0.1,0.1,0.0,0.0,51.0,1000.1,997.8,100.0,100.0,14.0,0.0,0.52,0.87,30.2,201.0,13.8,17.3,200.0,28.6,25.6,23.0,18.2,0.392,0.403,0.395,0.296,753.0,469.0,753.0,1289.2,1306.1,762.8,475.2,299.9,463.0,762.8
2024-07-01 04:30:00,45474.0,0.1875,20.6,69.0,2367,暴雨~大雨,PID,29.9,77.0,372.0,344.5,25.5,35.9,0.05,0.05,0.0,0.0,26.5,999.75,997.5,82.0,78.5,14.5,0.5,0.505,0.9650000000000001,30.6,203.5,13.9,17.450000000000003,203.0,28.950000000000003,25.700000000000003,23.0,18.2,0.391,0.4025,0.395,0.296,716.5,380.65,716.5,1294.3000000000002,1293.6,716.5999999999999,381.65,343.65,372.95,716.5999999999999
2024-07-01 05:00:00,45474.0,0.208333333333333,20.8,69.8,2295,暴雨~大雨,PID,30.2,75.0,287.0,393.0,25.4,35.9,0.0,0.0,0.0,0.0,2.0,999.4,997.2,64.0,57.0,15.0,1.0,0.49,1.06,31.0,206.0,14.0,17.6,206.0,29.3,25.8,23.0,18.2,0.39,0.402,0.395,0.296,680.0,292.3,680.0,1299.4,1281.1,670.4,288.1,387.4,282.9,670.4
2024-07-01 05:30:00,45474.0,0.229166666666667,21.1,70.5,2302,暴雨~大雨,PID,30.35,74.0,249.5,370.5,25.25,35.599999999999994,0.05,0.05,0.0,0.0,26.5,999.0999999999999,996.9000000000001,68.0,50.5,13.0,22.0,0.45999999999999996,1.12,31.35,209.5,14.3,18.05,209.5,29.450000000000003,25.9,23.0,18.2,0.3895,0.4015,0.3945,0.296,620.0,259.3,620.0,1269.6,1234.3,603.4,252.4,360.35,243.0,603.4
2024-07-01 06:00:00,45474.0,0.25,21.3,71.2,2449,暴雨~大雨,PID,30.5,73.0,212.0,348.0,25.1,35.3,0.1,0.1,0.0,0.0,51.0,998.8,996.6,72.0,44.0,11.0,43.0,0.43,1.18,31.7,213.0,14.6,18.5,213.0,29.6,26.0,23.0,18.2,0.389,0.401,0.394,0.296,560.0,226.3,560.0,1239.8,1187.5,536.4,216.7,333.3,203.1,536.4
2024-07-01 06:30:00,45474.0,0.270833333333333,21.7,72.0,2358,暴雨~大雨,PID,29.25,78.5,191.5,303.0,25.1,33.75,0.45000000000000007,0.45000000000000007,0.0,0.0,52.0,998.65,996.4000000000001,74.0,27.0,7.5,58.0,0.365,0.8899999999999999,33.85,201.0,16.2,21.45,200.0,29.4,26.1,23.0,18.2,0.3915,0.4005,0.394,0.296,494.5,214.65,494.5,1177.15,1109.7,466.79999999999995,202.35,286.1,180.7,466.79999999999995
2024-07-01 07:00:00,45474.0,0.291666666666667,22,72.6,2506,暴雨~大雨,PID,28.0,84.0,171.0,258.0,25.1,32.2,0.8,0.8,0.0,0.0,53.0,998.5,996.2,76.0,10.0,4.0,73.0,0.3,0.6,36.0,189.0,17.8,24.4,187.0,29.2,26.2,23.0,18.2,0.394,0.4,0.394,0.296,429.0,203.0,429.0,1114.5,1031.9,397.2,188.0,238.9,158.3,397.2
2024-07-01 07:30:00,45474.0,0.3125,22.3,73.2,2625,暴雨~大雨,PID,28.5,82.5,233.5,235.0,25.25,33.1,0.45,0.45,0.0,0.0,52.0,998.2,995.9000000000001,88.0,15.5,3.5,86.5,0.33,0.6799999999999999,36.7,191.5,16.05,21.85,189.5,29.2,26.25,23.0,18.2,0.3935,0.4,0.394,0.296,468.5,311.6,468.5,1023.25,928.25,423.35,279.9,213.25,210.1,423.35
2024-07-01 08:00:00,45474.0,0.333333333333333,23.2,74.0,2332,暴雨~大雨,PID,29.0,81.0,296.0,212.0,25.4,34.0,0.1,0.1,0.0,0.0,51.0,997.9,995.6,100.0,21.0,3.0,100.0,0.36,0.76,37.4,194.0,14.3,19.3,192.0,29.2,26.3,23.0,18.2,0.393,0.4,0.394,0.296,508.0,420.2,508.0,932.0,824.6,449.5,371.8,187.6,261.9,449.5
2024-07-01 08:30:00,45474.0,0.354166666666667,23.5,74.5,2245,暴雨~大雨,PID,28.5,83.0,161.5,182.0,25.35,33.5,2.8000000000000003,2.8000000000000003,0.0,0.0,57.0,997.95,995.6500000000001,100.0,46.5,17.0,100.0,0.255,0.655,36.5,191.5,13.65,19.3,189.0,28.799999999999997,26.4,23.0,18.2,0.4105,0.404,0.394,0.296,343.5,235.45,343.5,818.4,702.3000000000001,298.4,206.75,156.35,142.04999999999995,298.4
2024-07-01 09:00:00,45474.0,0.375,24.8,75.2,2242,暴雨~大雨,PID,28.0,85.0,27.0,152.0,25.3,33.0,5.5,5.5,0.0,0.0,63.0,998.0,995.7,100.0,72.0,31.0,100.0,0.15,0.55,35.6,189.0,13.0,19.3,186.0,28.4,26.5,23.0,18.2,0.428,0.408,0.394,0.296,179.0,50.7,179.0,704.8,580.0,147.3,41.7,125.1,22.2,147.3
2024-07-01 09:30:00,45474.0,0.395833333333333,25.1,75.5,2271,暴雨~大雨,PID,27.7,87.5,13.5,98.5,25.5,33.1,3.05,3.05,0.0,0.0,58.0,998.1,995.8,100.0,70.5,65.5,100.0,0.1,0.455,28.8,177.5,11.4,18.75,171.0,28.0,26.5,23.05,18.2,0.428,0.409,0.394,0.296,112.0,25.35,112.0,576.5,447.25,89.44999999999999,20.85,78.35,11.1,89.44999999999999
2024-07-01 10:00:00,45474.0,0.416666666666667,24.9,75.6,2302,暴雨~大雨,PID,27.4,90.0,0.0,45.0,25.7,33.2,0.6,0.6,0.0,0.0,53.0,998.2,995.9,100.0,69.0,100.0,100.0,0.05,0.36,22.0,166.0,9.8,18.2,156.0,27.6,26.5,23.1,18.2,0.428,0.41,0.394,0.296,45.0,0.0,45.0,448.2,314.5,31.6,0.0,31.6,0.0,31.6
2024-07-01 10:30:00,45474.0,0.4375,25.1,75.7,2410,暴雨~大雨,PID,26.799999999999997,91.5,0.0,26.0,25.35,32.150000000000006,2.1,2.1,0.0,0.0,58.0,998.3,996.0,100.0,53.0,100.0,100.0,0.04,0.3,25.6,167.5,11.2,20.65,161.5,27.200000000000003,26.5,23.1,18.2,0.4325,0.4155,0.394,0.2965,26.0,0.0,26.0,314.05,180.45,16.6,0.0,16.700000000000003,0.0,16.700000000000003
2024-07-01 11:00:00,45474.0,0.458333333333333,24.4,75.5,2484,暴雨~大雨,PID,26.2,93.0,0.0,7.0,25.0,31.1,3.6,3.6,0.0,0.0,63.0,998.4,996.1,100.0,37.0,100.0,100.0,0.03,0.24,29.2,169.0,12.6,23.1,167.0,26.8,26.5,23.1,18.2,0.437,0.421,0.394,0.297,7.0,0.0,7.0,179.9,46.4,1.6,0.0,1.8,0.0,1.8
2024-07-01 11:30:00,45474.0,0.479166666666667,24.6,75.4,2517,暴雨~大雨,PID,26.35,93.0,0.0,3.5,25.2,31.25,2.55,2.55,0.0,0.0,62.0,998.25,995.95,100.0,30.5,100.0,100.0,0.025,0.235,29.549999999999997,163.0,13.7,25.0,160.5,26.6,26.45,23.1,18.2,0.4375,0.424,0.3945,0.297,3.5,0.0,3.5,96.7,23.2,0.8,0.0,0.9,0.0,0.9
2024-07-01 12:00:00,45474.0,0.5,25.6,75.5,2447,暴雨~大雨,PID,26.5,93.0,0.0,0.0,25.4,31.4,1.5,1.5,0.0,0.0,61.0,998.1,995.8,100.0,24.0,100.0,100.0,0.02,0.23,29.9,157.0,14.8,26.9,154.0,26.4,26.4,23.1,18.2,0.438,0.427,0.395,0.297,0.0,0.0,0.0,13.5,0.0,0.0,0.0,0.0,0.0,0.0
2024-07-01 12:30:00,45474.0,0.520833333333333,25.8,75.3,2551,暴雨~大雨,PID,26.4,93.0,0.0,0.0,25.25,31.15,2.15,2.15,0.0,0.0,62.0,998.3,996.0,100.0,37.0,100.0,100.0,0.015,0.23,31.15,155.0,14.95,27.15,153.0,26.25,26.299999999999997,23.1,18.2,0.438,0.423,0.395,0.297,0.0,0.0,0.0,6.75,0.0,0.0,0.0,0.0,0.0,0.0
2024-07-01 13:00:00,45474.0,0.541666666666667,26.3,75.1,2266,暴雨~大雨,PID,26.3,93.0,0.0,0.0,25.1,30.9,2.8,2.8,0.0,0.0,63.0,998.5,996.2,100.0,50.0,100.0,100.0,0.01,0.23,32.4,153.0,15.1,27.4,152.0,26.1,26.2,23.1,18.2,0.438,0.419,0.395,0.297,0.0,0.0,0.0,0.0,0.0,0.0,0.0,0.0,0.0,0.0
2024-07-01 13:30:00,45474.0,0.5625,26.4,74.7,2262,暴雨~大雨,PID,26.25,92.5,0.0,0.0,24.950000000000003,30.4,2.0,2.0,0.0,0.0,59.0,998.25,995.95,100.0,29.5,100.0,100.0,0.01,0.255,35.3,155.5,17.45,30.75,153.5,26.0,26.15,23.1,18.2,0.437,0.4215,0.395,0.297,0.0,0.0,0.0,0.0,0.0,0.0,0.0,0.0,0.0,0.0
2024-07-01 14:00:00,45474.0,0.583333333333333,25.4,73.9,2335,暴雨~大雨,PID,26.2,92.0,0.0,0.0,24.8,29.9,1.2,1.2,0.0,0.0,55.0,998.0,995.7,100.0,9.0,100.0,100.0,0.01,0.28,38.2,158.0,19.8,34.1,155.0,25.9,26.1,23.1,18.2,0.436,0.424,0.395,0.297,0.0,0.0,0.0,0.0,0.0,0.0,0.0,0.0,0.0,0.0
2024-07-01 14:30:00,45474.0,0.604166666666667,25.4,73.3,2318,暴雨~大雨,PID,26.2,92.0,0.0,0.0,24.75,29.85,1.0,1.0,0.0,0.0,54.0,997.55,995.25,100.0,7.5,98.5,100.0,0.01,0.28,40.0,158.0,19.9,34.5,156.0,25.799999999999997,26.05,23.1,18.2,0.4355,0.425,0.395,0.297,0.0,0.0,0.0,0.0,0.0,0.0,0.0,0.0,0.0,0.0
2024-07-01 15:00:00,45474.0,0.625,24.7,72.5,2352,暴雨~大雨,PID,26.2,92.0,0.0,0.0,24.7,29.8,0.8,0.8,0.0,0.0,53.0,997.1,994.8,100.0,6.0,97.0,100.0,0.01,0.28,41.8,158.0,20.0,34.9,157.0,25.7,26.0,23.1,18.2,0.435,0.426,0.395,0.297,0.0,0.0,0.0,0.0,0.0,0.0,0.0,0.0,0.0,0.0
2024-07-01 15:30:00,45474.0,0.645833333333333,24.6,71.9,2330,暴雨~大雨,PID,26.25,91.0,0.0,0.0,24.6,29.700000000000003,0.8500000000000001,0.8500000000000001,0.0,0.0,53.0,996.75,994.45,100.0,4.0,93.0,100.0,0.015,0.32,42.3,163.5,20.55,35.75,161.5,25.6,25.95,23.1,18.2,0.4355,0.4265,0.3955,0.297,0.0,0.0,0.0,0.0,0.0,0.0,0.0,0.0,0.0,0.0
2024-07-01 16:00:00,45474.0,0.666666666666667,24.4,71.2,2327,暴雨~大雨,PID,26.3,90.0,0.0,0.0,24.5,29.6,0.9,0.9,0.0,0.0,53.0,996.4,994.1,100.0,2.0,89.0,100.0,0.02,0.36,42.8,169.0,21.1,36.6,166.0,25.5,25.9,23.1,18.2,0.436,0.427,0.396,0.297,0.0,0.0,0.0,0.0,0.0,0.0,0.0,0.0,0.0,0.0
2024-07-01 16:30:00,45474.0,0.6875,24.2,70.4,2245,暴雨~大雨,PID,26.200000000000003,90.0,0.0,0.0,24.4,29.55,0.8500000000000001,0.8500000000000001,0.0,0.0,53.0,996.05,993.75,100.0,5.0,60.5,100.0,0.02,0.35,39.4,170.0,20.450000000000003,35.8,167.0,25.45,25.85,23.1,18.2,0.436,0.428,0.396,0.297,0.0,0.0,0.0,0.0,0.0,0.0,0.0,0.0,0.0,0.0
2024-07-01 17:00:00,45474.0,0.708333333333333,23.9,69.7,2480,暴雨~大雨,PID,26.1,90.0,0.0,0.0,24.3,29.5,0.8,0.8,0.0,0.0,53.0,995.7,993.4,100.0,8.0,32.0,100.0,0.02,0.34,36.0,171.0,19.8,35.0,168.0,25.4,25.8,23.1,18.2,0.436,0.429,0.396,0.297,0.0,0.0,0.0,0.0,0.0,0.0,0.0,0.0,0.0,0.0
2024-07-01 17:30:00,45474.0,0.729166666666667,23.7,69.0,2479,暴雨~大雨,PID,25.950000000000003,90.5,0.0,0.0,24.3,29.6,1.2000000000000002,1.2000000000000002,0.0,0.0,57.0,995.9000000000001,993.5999999999999,100.0,27.5,52.5,100.0,0.015,0.31,39.95,188.0,18.1,32.25,188.5,25.299999999999997,25.75,23.1,18.2,0.4365,0.4315,0.3965,0.297,0.0,0.0,0.0,0.0,0.0,0.0,0.0,0.0,0.0,0.0
2024-07-01 18:00:00,45474.0,0.75,23.9,68.4,2505,暴雨~大雨,PID,25.8,91.0,0.0,0.0,24.3,29.7,1.6,1.6,0.0,0.0,61.0,996.1,993.8,100.0,47.0,73.0,100.0,0.01,0.28,43.9,205.0,16.4,29.5,209.0,25.2,25.7,23.1,18.2,0.437,0.434,0.397,0.297,0.0,0.0,0.0,0.0,0.0,0.0,0.0,0.0,0.0,0.0
2024-07-01 18:30:00,45474.0,0.770833333333333,23.5,67.7,2395,暴雨~大雨,PID,25.75,91.0,0.0,0.0,24.25,29.6,1.65,1.65,0.0,0.0,61.0,995.9000000000001,993.5999999999999,100.0,38.0,75.0,100.0,0.01,0.28,42.45,205.0,16.6,29.65,206.0,25.15,25.65,23.1,18.2,0.438,0.4345,0.3975,0.297,0.0,0.0,0.0,0.0,0.0,0.0,0.0,0.0,0.0,0.0
2024-07-01 19:00:00,45474.0,0.791666666666667,23.7,67.2,2202,暴雨~大雨,PID,25.7,91.0,0.0,0.0,24.2,29.5,1.7,1.7,0.0,0.0,61.0,995.7,993.4,100.0,29.0,77.0,100.0,0.01,0.28,41.0,205.0,16.8,29.8,203.0,25.1,25.6,23.1,18.2,0.439,0.435,0.398,0.297,0.0,0.0,0.0,0.0,0.0,0.0,0.0,0.0,0.0,0.0
2024-07-01 19:30:00,45474.0,0.8125,23.4,66.6,2318,暴雨~大雨,PID,25.6,92.0,0.0,0.0,24.25,29.75,1.2,1.2,0.0,0.0,57.0,995.55,993.25,100.0,25.0,85.5,100.0,0.005,0.25,41.4,204.5,14.600000000000001,26.5,200.0,25.05,25.55,23.1,18.25,0.436,0.435,0.3985,0.297,0.0,0.0,0.0,0.0,0.0,0.0,0.0,0.0,0.0,0.0
2024-07-01 20:00:00,45474.0,0.833333333333333,22.6,65.9,2269,暴雨~大雨,PID,25.5,93.0,0.0,0.0,24.3,30.0,0.7,0.7,0.0,0.0,53.0,995.4,993.1,100.0,21.0,94.0,100.0,0.0,0.22,41.8,204.0,12.4,23.2,197.0,25.0,25.5,23.1,18.3,0.433,0.435,0.399,0.297,0.0,0.0,0.0,0.0,0.0,0.0,0.0,0.0,0.0,0.0
2024-07-01 20:30:00,45474.0,0.854166666666667,22.2,65.5,2297,暴雨~大雨,PID,25.45,93.5,0.0,0.0,24.3,29.9,0.55,0.55,0.0,0.0,52.0,995.3,993.0,100.0,14.5,97.0,100.0,0.0,0.215,32.4,200.0,12.8,23.95,194.0,25.0,25.45,23.15,18.3,0.433,0.4345,0.3995,0.297,0.0,0.0,0.0,0.0,0.0,0.0,0.0,0.0,0.0,0.0
2024-07-01 21:00:00,45474.0,0.875,21.4,64.9,2322,暴雨~大雨,PID,25.4,94.0,0.0,0.0,24.3,29.8,0.4,0.4,0.0,0.0,51.0,995.2,992.9,100.0,8.0,100.0,100.0,0.0,0.21,23.0,196.0,13.2,24.7,191.0,25.0,25.4,23.2,18.3,0.433,0.434,0.4,0.297,0.0,0.0,0.0,0.0,0.0,0.0,0.0,0.0,0.0,0.0
2024-07-01 21:30:00,45474.0,0.895833333333333,21.1,64.6,2303,暴雨~大雨,PID,25.549999999999997,93.5,0.0,3.5,24.35,29.85,0.55,0.55,0.0,0.0,52.0,995.35,993.05,100.0,11.0,57.5,100.0,0.015000000000000001,0.22999999999999998,24.3,196.5,13.85,25.75,192.5,25.0,25.35,23.2,18.3,0.4335,0.4335,0.4005,0.297,3.5,0.0,3.5,53.50000000000001,117.5,4.95,0.0,7.7,0.0,7.7
2024-07-01 22:00:00,45474.0,0.916666666666667,20.8,64.4,2233,暴雨~大雨,PID,25.7,93.0,0.0,7.0,24.4,29.9,0.7,0.7,0.0,0.0,53.0,995.5,993.2,100.0,14.0,15.0,100.0,0.03,0.25,25.6,197.0,14.5,26.8,194.0,25.0,25.3,23.2,18.3,0.434,0.433,0.401,0.297,7.0,0.0,7.0,107.0,235.0,9.9,0.0,15.4,0.0,15.4
2024-07-01 22:30:00,45474.0,0.9375,20.6,64.4,2264,暴雨~大雨,PID,25.95,91.5,0.0,16.0,24.4,29.799999999999997,0.6,0.6,0.0,0.0,53.0,995.5,993.2,100.0,57.0,16.5,100.0,0.04,0.29500000000000004,33.3,192.0,16.8,30.3,188.5,25.0,25.3,23.2,18.3,0.434,0.433,0.401,0.297,16.0,0.0,16.0,238.3,369.05,21.950000000000003,0.0,24.700000000000003,0.0,24.700000000000003
2024-07-01 23:00:00,45474.0,0.958333333333333,20.4,64.4,2246,暴雨~大雨,PID,26.2,90.0,0.0,25.0,24.4,29.7,0.5,0.5,0.0,0.0,53.0,995.5,993.2,100.0,100.0,18.0,100.0,0.05,0.34,41.0,187.0,19.1,33.8,183.0,25.0,25.3,23.2,18.3,0.434,0.433,0.401,0.297,25.0,0.0,25.0,369.6,503.1,34.0,0.0,34.0,0.0,34.0
2024-07-01 23:30:00,45474.0,0.979166666666667,20.2,64.5,2245,暴雨~大雨,PID,26.6,88.5,6.5,74.5,24.5,29.5,0.9,0.9,0.0,0.0,57.0,995.7,993.4000000000001,100.0,100.0,59.0,100.0,0.09,0.405,44.25,194.0,23.65,39.7,191.0,25.2,25.25,23.2,18.3,0.4365,0.433,0.4015,0.297,81.0,13.600000000000001,81.0,500.5,629.4000000000001,99.0,16.3,91.20000000000002,7.799999999999999,99.0
2024-07-02 00:00:00,45475.0,0.0,20.4,64.8,2115,多云~晴,PID,27.0,87.0,13.0,124.0,24.6,29.3,1.3,1.3,0.0,0.0,61.0,995.9,993.6,100.0,100.0,100.0,100.0,0.13,0.47,47.5,201.0,28.2,45.6,199.0,25.4,25.2,23.2,18.3,0.439,0.433,0.402,0.297,137.0,27.2,137.0,631.4,755.7,164.0,32.6,148.4,15.6,164.0
2024-07-02 00:30:00,45475.0,0.0208333333333333,20.4,65.3,2307,多云~晴,PID,26.5,89.0,6.5,115.5,24.55,29.15,1.2000000000000002,1.2000000000000002,0.0,0.0,58.0,996.75,994.45,100.0,84.0,99.5,100.0,0.11,0.38,44.25,208.5,25.75,41.25,207.0,25.1,25.15,23.2,18.3,0.4375,0.433,0.403,0.297,122.0,13.599999999999998,122.0,750.2,865.6,142.05,16.3,134.25,7.800000000000001,142.05
2024-07-02 01:00:00,45475.0,0.0416666666666667,20.5,66.0,2239,多云~晴,PID,26.0,91.0,0.0,107.0,24.5,29.0,1.1,1.1,0.0,0.0,55.0,997.6,995.3,100.0,68.0,99.0,100.0,0.09,0.29,41.0,216.0,23.3,36.9,215.0,24.8,25.1,23.2,18.3,0.436,0.433,0.404,0.297,107.0,0.0,107.0,869.0,975.5,120.1,0.0,120.1,0.0,120.1
2024-07-02 01:30:00,45475.0,0.0625,20.7,66.7,2233,多云~晴,PID,25.5,91.5,4.5,155.5,24.1,28.5,0.9500000000000001,0.9500000000000001,0.0,0.0,54.0,998.2,995.9,100.0,39.0,97.5,100.0,0.115,0.27,40.3,241.0,21.75,32.9,240.5,25.0,25.1,23.2,18.3,0.4355,0.4335,0.4045,0.297,160.0,5.6,160.0,967.55,1061.55,174.7,6.0,169.85,4.85,174.7
2024-07-02 02:00:00,45475.0,0.0833333333333333,20.9,67.4,2269,多云~晴,PID,25.0,92.0,9.0,204.0,23.7,28.0,0.8,0.8,0.0,0.0,53.0,998.8,996.5,100.0,10.0,96.0,100.0,0.14,0.25,39.6,266.0,20.2,28.9,266.0,25.2,25.1,23.2,18.3,0.435,0.434,0.405,0.297,213.0,11.2,213.0,1066.1,1147.6,229.3,12.0,219.6,9.7,229.3
2024-07-02 02:30:00,45475.0,0.104166666666667,21.1,68.1,2197,多云~晴,PID,24.45,91.5,4.5,156.5,23.049999999999997,27.05,1.15,1.15,0.0,0.0,57.0,999.3,997.0,100.0,7.5,98.0,100.0,0.115,0.255,38.0,264.0,19.95,29.35,263.5,25.0,25.05,23.2,18.3,0.436,0.435,0.405,0.297,161.0,5.6,161.0,1137.6999999999998,1203.9,171.45,6.0,166.6,4.85,171.45
2024-07-02 03:00:00,45475.0,0.125,21.3,68.8,2357,多云~晴,PID,23.9,91.0,0.0,109.0,22.4,26.1,1.5,1.5,0.0,0.0,61.0,999.8,997.5,100.0,5.0,100.0,100.0,0.09,0.26,36.4,262.0,19.7,29.8,261.0,24.8,25.0,23.2,18.3,0.437,0.436,0.405,0.297,109.0,0.0,109.0,1209.3,1260.2,113.6,0.0,113.6,0.0,113.6
2024-07-02 03:30:00,45475.0,0.145833333333333,21.6,69.6,2357,多云~晴,PID,23.75,91.5,0.0,118.5,22.299999999999997,26.05,1.6,1.6,0.0,0.0,61.0,1000.3,998.0,100.0,19.5,59.5,100.0,0.095,0.25,35.5,259.0,18.9,28.25,257.0,24.65,24.95,23.2,18.3,0.4375,0.4365,0.406,0.297,118.5,0.0,118.5,1249.05,1282.95,121.64999999999999,0.0,121.64999999999999,0.0,121.64999999999999
2024-07-02 04:00:00,45475.0,0.166666666666667,21.9,70.3,2239,多云~晴,PID,23.6,92.0,0.0,128.0,22.2,26.0,1.7,1.7,0.0,0.0,61.0,1000.8,998.5,100.0,34.0,19.0,100.0,0.1,0.24,34.6,256.0,18.1,26.7,253.0,24.5,24.9,23.2,18.3,0.438,0.437,0.407,0.297,128.0,0.0,128.0,1288.8,1305.7,129.7,0.0,129.7,0.0,129.7
2024-07-02 04:30:00,45475.0,0.1875,22.2,71.0,2295,多云~晴,PID,23.5,92.0,0.0,129.0,22.049999999999997,25.9,1.3,1.3,0.0,0.0,57.0,1000.95,998.65,100.0,24.5,12.5,100.0,0.1,0.24,33.15,249.5,17.5,25.25,247.0,24.35,24.85,23.2,18.3,0.437,0.4365,0.4075,0.2975,129.0,0.0,129.0,1294.0,1293.3000000000002,128.95,0.0,128.95,0.0,128.95
2024-07-02 05:00:00,45475.0,0.208333333333333,22.6,71.6,2288,多云~晴,PID,23.4,92.0,0.0,130.0,21.9,25.8,0.9,0.9,0.0,0.0,53.0,1001.1,998.8,100.0,15.0,6.0,100.0,0.1,0.24,31.7,243.0,16.9,23.8,241.0,24.2,24.8,23.2,18.3,0.436,0.436,0.408,0.298,130.0,0.0,130.0,1299.2,1280.9,128.2,0.0,128.2,0.0,128.2
2024-07-02 05:30:00,45475.0,0.229166666666667,22.9,72.2,2240,多云~晴,PID,23.4,91.0,0.0,157.5,21.799999999999997,25.700000000000003,0.7,0.7,0.0,0.0,53.0,1001.1500000000001,998.8499999999999,100.0,13.0,8.5,100.0,0.115,0.26,32.4,247.0,17.049999999999997,24.25,245.5,24.2,24.8,23.2,18.3,0.434,0.4355,0.4085,0.298,157.5,0.0,157.5,1269.5,1234.25,152.7,0.0,152.7,0.0,152.7
2024-07-02 06:00:00,45475.0,0.25,23.2,72.7,2385,多云~晴,PID,23.4,90.0,0.0,185.0,21.7,25.6,0.5,0.5,0.0,0.0,53.0,1001.2,998.9,100.0,11.0,11.0,100.0,0.13,0.28,33.1,251.0,17.2,24.7,250.0,24.2,24.8,23.2,18.3,0.432,0.435,0.409,0.298,185.0,0.0,185.0,1239.8,1187.6,177.2,0.0,177.2,0.0,177.2
2024-07-02 06:30:00,45475.0,0.270833333333333,23.6,73.2,2610,多云~晴,PID,23.95,86.5,4.0,190.5,21.6,26.15,0.25,0.25,0.0,0.0,28.0,1001.4000000000001,999.0999999999999,100.0,25.5,15.0,100.0,0.14500000000000002,0.395,32.95,249.0,16.95,24.299999999999997,247.5,24.25,24.75,23.2,18.3,0.4295,0.4345,0.4095,0.298,194.5,4.75,194.5,1177.1999999999998,1109.8,183.05,4.4,179.35,3.6999999999999997,183.05
2024-07-02 07:00:00,45475.0,0.291666666666667,23.9,73.6,2324,多云~晴,PID,24.5,83.0,8.0,196.0,21.5,26.7,0.0,0.0,0.0,0.0,3.0,1001.6,999.3,100.0,40.0,19.0,100.0,0.16,0.51,32.8,247.0,16.7,23.9,245.0,24.3,24.7,23.2,18.3,0.427,0.434,0.41,0.298,204.0,9.5,204.0,1114.6,1032.0,188.9,8.8,181.5,7.4,188.9
2024-07-02 07:30:00,45475.0,0.3125,24.2,73.8,2590,多云~晴,PID,25.15,79.5,31.0,229.5,21.4,27.4,0.0,0.0,0.0,0.0,3.0,1001.55,999.25,100.0,25.5,11.0,100.0,0.2,0.655,31.7,241.5,15.899999999999999,22.35,238.5,24.65,24.7,23.2,18.3,0.425,0.433,0.41,0.298,260.5,43.05,260.5,1023.4,928.4,234.7,38.3,207.1,27.6,234.7
2024-07-02 08:00:00,45475.0,0.333333333333333,25.3,74.3,2327,多云~晴,PID,25.8,76.0,54.0,263.0,21.3,28.1,0.0,0.0,0.0,0.0,3.0,1001.5,999.2,100.0,11.0,3.0,100.0,0.24,0.8,30.6,236.0,15.1,20.8,232.0,25.0,24.7,23.2,18.3,0.423,0.432,0.41,0.298,317.0,76.6,317.0,932.2,824.8,280.5,67.8,232.7,47.8,280.5
2024-07-02 08:30:00,45475.0,0.354166666666667,25.5,74.3,2346,多云~晴,PID,25.9,76.5,44.5,231.5,21.5,28.35,0.0,0.0,0.0,0.0,3.0,1001.55,999.25,100.0,9.5,2.0,100.0,0.215,0.785,28.8,223.0,14.899999999999999,20.8,218.5,25.15,24.7,23.2,18.3,0.4215,0.431,0.4105,0.298,276.0,71.15,276.0,818.55,702.45,236.95,60.95,198.64999999999998,38.3,236.95
2024-07-02 09:00:00,45475.0,0.375,26.7,74.6,2370,多云~晴,PID,26.0,77.0,35.0,200.0,21.7,28.6,0.0,0.0,0.0,0.0,3.0,1001.6,999.3,100.0,8.0,1.0,100.0,0.19,0.77,27.0,210.0,14.7,20.8,205.0,25.3,24.7,23.2,18.3,0.42,0.43,0.411,0.298,235.0,65.7,235.0,704.9,580.1,193.4,54.1,164.6,28.8,193.4
2024-07-02 09:30:00,45475.0,0.395833333333333,26.9,74.5,2188,多云~晴,PID,25.65,80.0,29.0,162.5,21.95,28.450000000000003,0.0,0.0,0.0,0.0,3.0,1001.85,999.55,100.0,4.0,1.0,100.0,0.155,0.655,26.3,206.0,14.149999999999999,21.3,198.5,25.25,24.7,23.2,18.3,0.4185,0.4295,0.411,0.298,191.5,66.80000000000001,191.5,576.65,447.35,148.6,50.85,126.15,22.450000000000003,148.6
2024-07-02 10:00:00,45475.0,0.416666666666667,26.2,74.1,2339,多云~晴,PID,25.3,83.0,23.0,125.0,22.2,28.3,0.0,0.0,0.0,0.0,3.0,1002.1,999.8,100.0,0.0,1.0,100.0,0.12,0.54,25.6,202.0,13.6,21.8,192.0,25.2,24.7,23.2,18.3,0.417,0.429,0.411,0.298,148.0,67.9,148.0,448.4,314.6,103.8,47.6,87.7,16.1,103.8
2024-07-02 10:30:00,45475.0,0.4375,26.2,73.7,2318,多云~晴,PID,24.8,84.5,13.0,84.0,22.049999999999997,27.8,0.0,0.0,0.0,0.0,3.0,1002.55,1000.25,100.0,0.0,1.0,100.0,0.08499999999999999,0.475,24.85,203.0,13.3,22.5,193.0,25.049999999999997,24.7,23.2,18.3,0.416,0.4285,0.411,0.298,97.0,43.650000000000006,97.0,314.15,180.45000000000002,57.1,26.0,49.4,8.450000000000003,57.8
2024-07-02 11:00:00,45475.0,0.458333333333333,25.3,73.1,2531,多云~晴,PID,24.3,86.0,3.0,43.0,21.9,27.3,0.0,0.0,0.0,0.0,3.0,1003.0,1000.7,100.0,0.0,1.0,100.0,0.05,0.41,24.1,204.0,13.0,23.2,194.0,24.9,24.7,23.2,18.3,0.415,0.428,0.411,0.298,46.0,19.4,46.0,179.9,46.3,10.4,4.4,11.1,0.8,11.8
2024-07-02 11:30:00,45475.0,0.479166666666667,25.3,72.6,2357,多云~晴,PID,24.0,87.0,1.5,22.0,21.799999999999997,26.950000000000003,0.0,0.0,0.0,0.0,3.0,1003.6,1001.3,97.0,0.0,0.5,97.0,0.04,0.375,23.200000000000003,203.5,13.05,23.7,195.0,24.7,24.65,23.2,18.3,0.4145,0.4275,0.411,0.298,23.5,9.7,23.5,96.65,23.15,5.2,2.2,5.55,0.4,5.9
2024-07-02 12:00:00,45475.0,0.5,25.9,72.2,2459,多云~晴,PID,23.7,88.0,0.0,1.0,21.7,26.6,0.0,0.0,0.0,0.0,3.0,1004.2,1001.9,94.0,0.0,0.0,94.0,0.03,0.34,22.3,203.0,13.1,24.2,196.0,24.5,24.6,23.2,18.3,0.414,0.427,0.411,0.298,1.0,0.0,1.0,13.4,0.0,0.0,0.0,0.0,0.0,0.0
2024-07-02 12:30:00,45475.0,0.520833333333333,25.9,71.7,2528,多云~晴,PID,23.75,89.0,0.0,0.5,21.85,26.8,0.0,0.0,0.0,0.0,3.0,1004.9000000000001,1002.5999999999999,97.0,0.0,3.0,97.0,0.02,0.32,21.4,201.5,12.45,23.35,194.0,24.65,24.8,23.2,18.3,0.412,0.4255,0.4105,0.298,0.5,0.0,0.5,6.700000000000001,0.0,0.0,0.0,0.0,0.0,0.0
2024-07-02 13:00:00,45475.0,0.541666666666667,26.7,71.3,2217,多云~晴,PID,23.8,90.0,0.0,0.0,22.0,27.0,0.0,0.0,0.0,0.0,3.0,1005.6,1003.3,100.0,0.0,6.0,100.0,0.01,0.3,20.5,200.0,11.8,22.5,192.0,24.8,25.0,23.2,18.3,0.41,0.424,0.41,0.298,0.0,0.0,0.0,0.0,0.0,0.0,0.0,0.0,0.0,0.0
2024-07-02 13:30:00,45475.0,0.5625,26.5,70.6,2269,多云~晴,PID,23.65,90.0,0.0,0.0,21.9,26.8,0.0,0.0,0.0,0.0,3.0,1005.9000000000001,1003.5999999999999,100.0,0.0,6.5,100.0,0.01,0.295,20.5,202.0,11.9,22.7,194.0,24.6,24.95,23.2,18.3,0.4095,0.4235,0.41,0.298,0.0,0.0,0.0,0.0,0.0,0.0,0.0,0.0,0.0,0.0
2024-07-02 14:00:00,45475.0,0.583333333333333,25.6,69.6,2296,多云~晴,PID,23.5,90.0,0.0,0.0,21.8,26.6,0.0,0.0,0.0,0.0,3.0,1006.2,1003.9,100.0,0.0,7.0,100.0,0.01,0.29,20.5,204.0,12.0,22.9,196.0,24.4,24.9,23.2,18.3,0.409,0.423,0.41,0.298,0.0,0.0,0.0,0.0,0.0,0.0,0.0,0.0,0.0,0.0
2024-07-02 14:30:00,45475.0,0.604166666666667,25.4,68.9,2217,多云~晴,PID,23.45,89.5,0.0,0.0,21.65,26.55,0.0,0.0,0.0,0.0,3.0,1006.4000000000001,1004.0999999999999,99.5,0.0,3.5,99.5,0.01,0.305,20.85,209.0,11.4,22.6,203.0,24.25,24.85,23.2,18.3,0.4085,0.4225,0.41,0.298,0.0,0.0,0.0,0.0,0.0,0.0,0.0,0.0,0.0,0.0
2024-07-02 15:00:00,45475.0,0.625,24.2,67.9,2220,多云~晴,PID,23.4,89.0,0.0,0.0,21.5,26.5,0.0,0.0,0.0,0.0,3.0,1006.6,1004.3,99.0,0.0,0.0,99.0,0.01,0.32,21.2,214.0,10.8,22.3,210.0,24.1,24.8,23.2,18.3,0.408,0.422,0.41,0.298,0.0,0.0,0.0,0.0,0.0,0.0,0.0,0.0,0.0,0.0
2024-07-02 15:30:00,45475.0,0.645833333333333,23.9,67.2,2290,多云~晴,PID,23.299999999999997,89.5,0.0,0.0,21.5,26.45,0.0,0.0,0.0,0.0,3.0,1006.7,1004.4,99.5,0.0,0.5,99.5,0.005,0.30000000000000004,19.799999999999997,217.0,10.45,21.75,212.5,24.0,24.75,23.2,18.3,0.4075,0.422,0.41,0.2985,0.0,0.0,0.0,0.0,0.0,0.0,0.0,0.0,0.0,0.0
2024-07-02 16:00:00,45475.0,0.666666666666667,23.6,66.5,2259,多云~晴,PID,23.2,90.0,0.0,0.0,21.5,26.4,0.0,0.0,0.0,0.0,3.0,1006.8,1004.5,100.0,0.0,1.0,100.0,0.0,0.28,18.4,220.0,10.1,21.2,215.0,23.9,24.7,23.2,18.3,0.407,0.422,0.41,0.299,0.0,0.0,0.0,0.0,0.0,0.0,0.0,0.0,0.0,0.0
2024-07-02 16:30:00,45475.0,0.6875,23.3,65.8,2285,多云~晴,PID,23.2,91.0,0.0,0.0,21.65,26.5,0.0,0.0,0.0,0.0,3.0,1006.7,1004.4,100.0,0.0,1.0,100.0,0.0,0.255,17.85,219.5,9.85,21.1,214.5,23.799999999999997,24.65,23.2,18.3,0.407,0.4215,0.41,0.299,0.0,0.0,0.0,0.0,0.0,0.0,0.0,0.0,0.0,0.0
2024-07-02 17:00:00,45475.0,0.708333333333333,22.9,65.2,2389,多云~晴,PID,23.2,92.0,0.0,0.0,21.8,26.6,0.0,0.0,0.0,0.0,3.0,1006.6,1004.3,100.0,0.0,1.0,100.0,0.0,0.23,17.3,219.0,9.6,21.0,214.0,23.7,24.6,23.2,18.3,0.407,0.421,0.41,0.299,0.0,0.0,0.0,0.0,0.0,0.0,0.0,0.0,0.0,0.0
2024-07-02 17:30:00,45475.0,0.729166666666667,22.6,64.6,2603,多云~晴,PID,23.1,93.0,0.0,0.0,21.9,26.6,0.0,0.0,0.0,0.0,3.0,1006.6500000000001,1004.3499999999999,99.5,0.0,1.0,99.5,0.0,0.2,17.1,223.5,9.649999999999999,20.95,218.0,23.6,24.55,23.2,18.35,0.4065,0.4205,0.41,0.299,0.0,0.0,0.0,0.0,0.0,0.0,0.0,0.0,0.0,0.0
2024-07-02 18:00:00,45475.0,0.75,23.1,64.4,2361,多云~晴,PID,23.0,94.0,0.0,0.0,22.0,26.6,0.0,0.0,0.0,0.0,3.0,1006.7,1004.4,99.0,0.0,1.0,99.0,0.0,0.17,16.9,228.0,9.7,20.9,222.0,23.5,24.5,23.2,18.4,0.406,0.42,0.41,0.299,0.0,0.0,0.0,0.0,0.0,0.0,0.0,0.0,0.0,0.0
2024-07-02 18:30:00,45475.0,0.770833333333333,22.8,64.0,2419,多云~晴,PID,23.0,94.5,0.0,0.0,22.05,26.65,0.0,0.0,0.0,0.0,3.0,1006.85,1004.55,98.0,2.5,0.5,97.5,0.0,0.16,16.75,223.5,9.45,20.45,216.5,23.45,24.45,23.2,18.4,0.4055,0.42,0.41,0.299,0.0,0.0,0.0,0.0,0.0,0.0,0.0,0.0,0.0,0.0
2024-07-02 19:00:00,45475.0,0.791666666666667,23.3,63.9,2209,多云~晴,PID,23.0,95.0,0.0,0.0,22.1,26.7,0.0,0.0,0.0,0.0,3.0,1007.0,1004.7,97.0,5.0,0.0,96.0,0.0,0.15,16.6,219.0,9.2,20.0,211.0,23.4,24.4,23.2,18.4,0.405,0.42,0.41,0.299,0.0,0.0,0.0,0.0,0.0,0.0,0.0,0.0,0.0,0.0
2024-07-02 19:30:00,45475.0,0.8125,23,63.7,2280,多云~晴,PID,22.95,95.0,0.0,0.0,22.05,26.7,0.0,0.0,0.0,0.0,3.0,1007.3,1005.0,97.0,2.5,0.0,96.5,0.0,0.14500000000000002,16.200000000000003,217.0,8.5,19.2,206.5,23.35,24.35,23.2,18.4,0.405,0.4195,0.41,0.299,0.0,0.0,0.0,0.0,0.0,0.0,0.0,0.0,0.0,0.0
2024-07-02 20:00:00,45475.0,0.833333333333333,21.9,63.3,2219,多云~晴,PID,22.9,95.0,0.0,0.0,22.0,26.7,0.0,0.0,0.0,0.0,3.0,1007.6,1005.3,97.0,0.0,0.0,97.0,0.0,0.14,15.8,215.0,7.8,18.4,202.0,23.3,24.3,23.2,18.4,0.405,0.419,0.41,0.299,0.0,0.0,0.0,0.0,0.0,0.0,0.0,0.0,0.0,0.0
2024-07-02 20:30:00,45475.0,0.854166666666667,21.7,63.2,2276,多云~晴,PID,22.75,95.5,0.0,0.0,21.95,26.65,0.0,0.0,0.0,0.0,3.0,1007.85,1005.55,96.5,2.0,0.0,96.5,0.0,0.13,14.75,216.5,6.8,16.75,202.0,23.25,24.25,23.2,18.4,0.4045,0.4185,0.41,0.299,0.0,0.0,0.0,0.0,0.0,0.0,0.0,0.0,0.0,0.0
2024-07-02 21:00:00,45475.0,0.875,20.7,63.1,2399,多云~晴,PID,22.6,96.0,0.0,0.0,21.9,26.6,0.0,0.0,0.0,0.0,3.0,1008.1,1005.8,96.0,4.0,0.0,96.0,0.0,0.12,13.7,218.0,5.8,15.1,202.0,23.2,24.2,23.2,18.4,0.404,0.418,0.41,0.299,0.0,0.0,0.0,0.0,0.0,0.0,0.0,0.0,0.0,0.0
2024-07-02 21:30:00,45475.0,0.895833333333333,20.5,63.2,2289,多云~晴,PID,23.0,94.5,2.0,12.0,22.1,26.950000000000003,0.0,0.0,0.0,0.0,3.0,1008.4000000000001,1006.0999999999999,98.0,2.0,0.0,98.0,0.01,0.155,13.5,213.0,7.1,15.1,194.5,23.25,24.15,23.2,18.4,0.4035,0.418,0.41,0.299,14.0,16.1,14.0,53.05,116.6,19.85,22.8,26.35,4.4,30.75
2024-07-02 22:00:00,45475.0,0.916666666666667,20.4,63.5,2251,多云~晴,PID,23.4,93.0,4.0,24.0,22.3,27.3,0.0,0.0,0.0,0.0,3.0,1008.7,1006.4,100.0,0.0,0.0,100.0,0.02,0.19,13.3,208.0,8.4,15.1,187.0,23.3,24.1,23.2,18.4,0.403,0.418,0.41,0.299,28.0,32.2,28.0,106.1,233.2,39.7,45.6,52.7,8.8,61.5
2024-07-02 22:30:00,45475.0,0.9375,20.4,63.8,2252,多云~晴,PID,23.85,92.0,9.5,55.5,22.5,27.75,0.0,0.0,0.0,0.0,3.0,1009.1,1006.8,100.0,0.0,0.0,100.0,0.045,0.23,15.3,205.0,9.100000000000001,16.5,187.5,23.5,24.05,23.2,18.4,0.403,0.4175,0.41,0.299,65.0,43.1,65.0,236.95000000000002,367.35,89.4,59.599999999999994,85.65,14.65,100.3
2024-07-02 23:00:00,45475.0,0.958333333333333,20.3,64.2,2283,多云~晴,PID,24.3,91.0,15.0,87.0,22.7,28.2,0.0,0.0,0.0,0.0,3.0,1009.5,1007.2,100.0,0.0,0.0,100.0,0.07,0.27,17.3,202.0,9.8,17.9,188.0,23.7,24.0,23.2,18.4,0.403,0.417,0.41,0.299,102.0,54.0,102.0,367.8,501.5,139.1,73.6,118.6,20.5,139.1
2024-07-02 23:30:00,45475.0,0.979166666666667,20.4,64.8,2212,多云~晴,PID,24.75,89.5,20.0,119.5,22.85,28.85,0.0,0.0,0.0,0.0,3.0,1009.75,1007.45,100.0,0.0,2.0,100.0,0.1,0.335,17.3,207.0,9.25,15.75,196.0,24.049999999999997,24.0,23.2,18.4,0.4025,0.4165,0.41,0.299,139.5,53.25,139.5,498.85,627.9,175.55,68.25,150.3,25.2,175.55
2024-07-03 00:00:00,45476.0,0.0,19.6,69.2,2168,阴~大雨,PID,25.2,88.0,25.0,152.0,23.0,29.5,0.0,0.0,0.0,0.0,3.0,1010.0,1007.7,100.0,0.0,4.0,100.0,0.13,0.4,17.3,212.0,8.7,13.6,204.0,24.4,24.0,23.2,18.4,0.402,0.416,0.41,0.299,177.0,52.5,177.0,629.9,754.3,212.0,62.9,182.0,29.9,212.0
2024-07-03 00:30:00,45476.0,0.0208333333333333,19.7,69.9,2295,阴~大雨,PID,26.4,83.5,150.5,180.0,23.3,30.75,0.0,0.0,0.0,0.0,3.0,1009.9,1007.6,97.0,0.0,7.5,96.5,0.23500000000000001,0.5900000000000001,19.1,207.5,9.35,13.25,202.5,25.4,24.1,23.2,18.4,0.3995,0.415,0.41,0.299,330.5,236.7,330.5,748.8,864.3499999999999,377.75,267.75,207.8,169.9,377.75
2024-07-03 01:00:00,45476.0,0.0416666666666667,19.9,70.6,2214,阴~大雨,PID,27.6,79.0,276.0,208.0,23.6,32.0,0.0,0.0,0.0,0.0,3.0,1009.8,1007.5,94.0,0.0,11.0,93.0,0.34,0.78,20.9,203.0,10.0,12.9,201.0,26.4,24.2,23.2,18.4,0.397,0.414,0.41,0.299,484.0,420.9,484.0,867.7,974.4,543.5,472.6,233.6,309.9,543.5
2024-07-03 01:30:00,45476.0,0.0625,20.2,71.4,2129,阴~大雨,PID,28.15,77.0,327.0,233.0,23.65,32.65,0.0,0.0,0.0,0.0,3.0,1010.0,1007.7,97.0,0.0,46.5,96.5,0.395,0.89,23.049999999999997,200.0,11.2,14.350000000000001,199.0,26.95,24.299999999999997,23.2,18.4,0.396,0.4135,0.41,0.299,560.0,445.25,560.0,966.4,1060.55,614.15,489.1,255.7,358.45,614.15
2024-07-03 02:00:00,45476.0,0.0833333333333333,20.4,72.1,2207,阴~大雨,PID,28.7,75.0,378.0,258.0,23.7,33.3,0.0,0.0,0.0,0.0,3.0,1010.2,1007.9,100.0,0.0,82.0,100.0,0.45,1.0,25.2,197.0,12.4,15.8,197.0,27.5,24.4,23.2,18.4,0.395,0.413,0.41,0.299,636.0,469.6,636.0,1065.1,1146.7,684.8,505.6,277.8,407.0,684.8
2024-07-03 02:30:00,45476.0,0.104166666666667,20.7,72.8,2278,阴~大雨,PID,28.799999999999997,74.0,331.0,286.0,23.65,33.099999999999994,0.0,0.0,0.0,0.0,3.0,1010.25,1007.95,99.5,2.0,67.0,99.5,0.44,1.04,26.299999999999997,194.0,13.35,17.1,193.5,27.8,24.5,23.2,18.4,0.394,0.4125,0.41,0.299,617.0,390.25,617.0,1136.8,1203.15,654.05,414.85,302.55,351.5,654.05
2024-07-03 03:00:00,45476.0,0.125,21,73.5,2365,阴~大雨,PID,28.9,73.0,284.0,314.0,23.6,32.9,0.0,0.0,0.0,0.0,3.0,1010.3,1008.0,99.0,4.0,52.0,99.0,0.43,1.08,27.4,191.0,14.3,18.4,190.0,28.1,24.6,23.2,18.4,0.393,0.412,0.41,0.299,598.0,310.9,598.0,1208.5,1259.6,623.3,324.1,327.3,296.0,623.3
2024-07-03 03:30:00,45476.0,0.145833333333333,21.4,74.2,2274,阴~大雨,PID,29.1,71.5,240.0,331.0,23.4,33.0,0.0,0.0,0.0,0.0,2.5,1010.2,1007.9,76.0,2.0,30.5,74.5,0.42,1.15,27.4,198.0,13.25,17.15,197.0,28.25,24.75,23.2,18.4,0.3925,0.4115,0.41,0.2995,571.0,256.1,571.0,1248.4,1282.4499999999998,587.25,264.05,339.95000000000005,247.3,587.25
2024-07-03 04:00:00,45476.0,0.166666666666667,21.7,74.9,2301,阴~大雨,PID,29.3,70.0,196.0,348.0,23.2,33.1,0.0,0.0,0.0,0.0,2.0,1010.1,1007.8,53.0,0.0,9.0,50.0,0.41,1.22,27.4,205.0,12.2,15.9,204.0,28.4,24.9,23.2,18.4,0.392,0.411,0.41,0.3,544.0,201.3,544.0,1288.3,1305.3,551.2,204.0,352.6,198.6,551.2
2024-07-03 04:30:00,45476.0,0.1875,22,75.4,2314,阴~大雨,PID,30.05,67.5,347.0,319.0,23.35,34.45,0.0,0.0,0.0,0.0,2.5,1009.8,1007.5,73.0,42.5,27.0,37.0,0.5,1.38,26.85,211.0,13.05,16.95,210.5,28.85,25.0,23.2,18.4,0.3905,0.41,0.4095,0.3,666.0,354.3,666.0,1293.6,1293.05,664.1,352.1,319.25,344.79999999999995,664.1
2024-07-03 05:00:00,45476.0,0.208333333333333,22.4,75.9,2424,阴~大雨,PID,30.8,65.0,498.0,290.0,23.5,35.8,0.0,0.0,0.0,0.0,3.0,1009.5,1007.2,93.0,85.0,45.0,24.0,0.59,1.54,26.3,217.0,13.9,18.0,217.0,29.3,25.1,23.2,18.4,0.389,0.409,0.409,0.3,788.0,507.3,788.0,1298.9,1280.8,777.0,500.2,285.9,491.0,777.0
2024-07-03 05:30:00,45476.0,0.229166666666667,22.7,76.3,2223,阴~大雨,PID,30.55,67.5,339.5,298.5,23.8,35.25,0.0,0.0,0.0,0.0,2.0,1009.15,1006.85,67.5,46.0,29.5,26.0,0.49,1.42,26.85,218.0,12.950000000000001,16.95,219.0,29.3,25.25,23.2,18.4,0.388,0.4085,0.409,0.3,638.0,350.25,638.0,1269.3000000000002,1234.1999999999998,622.25,342.65,290.0,332.2,622.25
2024-07-03 06:00:00,45476.0,0.25,23,76.7,2416,阴~大雨,PID,30.3,70.0,181.0,307.0,24.1,34.7,0.0,0.0,0.0,0.0,1.0,1008.8,1006.5,42.0,7.0,14.0,28.0,0.39,1.3,27.4,219.0,12.0,15.9,221.0,29.3,25.4,23.2,18.4,0.387,0.408,0.409,0.3,488.0,193.2,488.0,1239.7,1187.6,467.5,185.1,294.1,173.4,467.5
2024-07-03 06:30:00,45476.0,0.270833333333333,23.3,76.9,2426,阴~大雨,PID,30.65,69.5,290.0,268.5,24.3,35.45,0.0,0.0,0.0,0.0,1.0,1008.5,1006.2,41.5,6.5,13.0,28.5,0.435,1.355,27.9,219.5,11.6,15.25,220.5,29.5,25.549999999999997,23.2,18.4,0.3865,0.4075,0.409,0.3,558.5,333.4,558.5,1177.2,1109.85,524.95,311.8,253.55,271.45,524.95
2024-07-03 07:00:00,45476.0,0.291666666666667,23.5,77.1,2442,阴~大雨,PID,31.0,69.0,399.0,230.0,24.5,36.2,0.0,0.0,0.0,0.0,1.0,1008.2,1005.9,41.0,6.0,12.0,29.0,0.48,1.41,28.4,220.0,11.2,14.6,220.0,29.7,25.7,23.2,18.4,0.386,0.407,0.409,0.3,629.0,473.6,629.0,1114.7,1032.1,582.4,438.5,213.0,369.5,582.4
2024-07-03 07:30:00,45476.0,0.3125,23.8,77.1,2451,阴~大雨,PID,30.75,70.0,352.5,215.0,24.65,35.5,0.6,0.6,0.0,0.0,28.0,1008.2,1005.9,58.0,10.5,24.5,43.5,0.435,1.33,29.15,215.0,13.5,17.45,215.0,29.75,25.799999999999997,23.2,18.4,0.3915,0.4065,0.409,0.3,567.5,453.95000000000005,567.5,1023.5,928.55,515.05,411.40000000000003,195.0,320.15,515.05
2024-07-03 08:00:00,45476.0,0.333333333333333,24.6,77.3,2246,阴~大雨,PID,30.5,71.0,306.0,200.0,24.8,34.8,1.2,1.2,0.0,0.0,55.0,1008.2,1005.9,75.0,15.0,37.0,58.0,0.39,1.25,29.9,210.0,15.8,20.3,210.0,29.8,25.9,23.2,18.4,0.397,0.406,0.409,0.3,506.0,434.3,506.0,932.3,825.0,447.7,384.3,177.0,270.8,447.7
2024-07-03 08:30:00,45476.0,0.354166666666667,24.7,77.1,2302,阴~大雨,PID,29.65,76.5,187.5,171.5,25.15,34.5,0.65,0.65,0.0,0.0,53.0,1008.3,1006.0,87.0,13.0,26.0,78.5,0.28,0.975,29.35,200.0,13.5,18.400000000000002,198.0,29.4,26.0,23.2,18.4,0.397,0.4055,0.4085,0.3,359.0,281.9,359.0,818.65,702.6,311.1,245.45,147.35,163.8,311.1
2024-07-03 09:00:00,45476.0,0.375,25.6,77.1,2286,阴~大雨,PID,28.8,82.0,69.0,143.0,25.5,34.2,0.1,0.1,0.0,0.0,51.0,1008.4,1006.1,99.0,11.0,15.0,99.0,0.17,0.7,28.8,190.0,11.2,16.5,186.0,29.0,26.1,23.2,18.4,0.397,0.405,0.408,0.3,212.0,129.5,212.0,705.0,580.2,174.5,106.6,117.7,56.8,174.5
2024-07-03 09:30:00,45476.0,0.395833333333333,25.6,76.7,2288,阴~大雨,PID,28.6,84.5,39.0,124.0,25.8,34.400000000000006,0.05,0.05,0.0,0.0,27.0,1008.5,1006.2,98.0,6.0,9.0,98.0,0.135,0.6,24.5,187.0,10.05,16.35,176.0,28.7,26.15,23.2,18.4,0.3965,0.405,0.408,0.3,163.0,78.05,163.0,576.7,447.35,127.25,62.599999999999994,95.7,31.549999999999997,127.25
2024-07-03 10:00:00,45476.0,0.416666666666667,25,76.1,2260,阴~大雨,PID,28.4,87.0,9.0,105.0,26.1,34.6,0.0,0.0,0.0,0.0,3.0,1008.6,1006.3,97.0,1.0,3.0,97.0,0.1,0.5,20.2,184.0,8.9,16.2,166.0,28.4,26.2,23.2,18.4,0.396,0.405,0.408,0.3,114.0,26.6,114.0,448.4,314.5,80.0,18.6,73.7,6.3,80.0
2024-07-03 10:30:00,45476.0,0.4375,25,75.6,2283,阴~大雨,PID,28.2,88.0,10.0,74.0,26.05,34.35,0.0,0.0,0.0,0.0,1.5,1008.85,1006.55,52.5,0.5,2.0,52.0,0.07500000000000001,0.45999999999999996,18.549999999999997,184.0,8.8,16.95,170.5,28.1,26.25,23.2,18.4,0.396,0.405,0.408,0.3,84.0,48.8,84.0,314.1,180.3,46.05,17.25,42.35,4.55,46.9
2024-07-03 11:00:00,45476.0,0.458333333333333,24.2,74.8,2491,阴~大雨,PID,28.0,89.0,11.0,43.0,26.0,34.1,0.0,0.0,0.0,0.0,0.0,1009.1,1006.8,8.0,0.0,1.0,7.0,0.05,0.42,16.9,184.0,8.7,17.7,175.0,27.8,26.3,23.2,18.4,0.396,0.405,0.408,0.3,54.0,71.0,54.0,179.8,46.1,12.1,15.9,11.0,2.8,13.8
2024-07-03 11:30:00,45476.0,0.479166666666667,24.1,74.2,2333,阴~大雨,PID,27.7,90.0,5.5,22.0,25.9,33.7,0.0,0.0,0.0,0.0,0.0,1009.3,1007.0,7.0,0.0,2.0,5.0,0.035,0.375,16.549999999999997,180.0,8.95,19.15,172.0,27.5,26.3,23.2,18.4,0.3955,0.4045,0.408,0.3,27.5,35.5,27.5,96.55000000000001,23.05,6.05,7.95,5.5,1.4,6.8999999999999995
2024-07-03 12:00:00,45476.0,0.5,24.8,73.8,2545,阴~大雨,PID,27.4,91.0,0.0,1.0,25.8,33.3,0.0,0.0,0.0,0.0,0.0,1009.5,1007.2,6.0,0.0,3.0,3.0,0.02,0.33,16.2,176.0,9.2,20.6,169.0,27.2,26.3,23.2,18.4,0.395,0.404,0.408,0.3,1.0,0.0,1.0,13.3,0.0,0.0,0.0,0.0,0.0,0.0
2024-07-03 12:30:00,45476.0,0.520833333333333,24.6,73.1,2551,阴~大雨,PID,27.799999999999997,87.5,0.0,0.5,25.55,33.5,0.0,0.0,0.0,0.0,1.0,1009.65,1007.35,33.5,0.0,3.5,31.5,0.02,0.46499999999999997,16.2,164.5,9.55,21.4,158.0,27.549999999999997,26.3,23.2,18.4,0.3865,0.4005,0.4075,0.3,0.5,0.0,0.5,6.65,0.0,0.0,0.0,0.0,0.0,0.0
2024-07-03 13:00:00,45476.0,0.541666666666667,25,72.5,2318,阴~大雨,PID,28.2,84.0,0.0,0.0,25.3,33.7,0.0,0.0,0.0,0.0,2.0,1009.8,1007.5,61.0,0.0,4.0,60.0,0.02,0.6,16.2,153.0,9.9,22.2,147.0,27.9,26.3,23.2,18.4,0.378,0.397,0.407,0.3,0.0,0.0,0.0,0.0,0.0,0.0,0.0,0.0,0.0,0.0
2024-07-03 13:30:00,45476.0,0.5625,24.7,71.8,2295,阴~大雨,PID,28.1,84.5,0.0,0.0,25.25,33.45,0.0,0.0,0.0,0.0,1.5,1009.9,1007.6,42.0,0.0,4.0,40.5,0.02,0.5800000000000001,18.0,158.5,10.8,23.65,154.5,27.6,26.35,23.2,18.4,0.3785,0.3965,0.407,0.3,0.0,0.0,0.0,0.0,0.0,0.0,0.0,0.0,0.0,0.0
2024-07-03 14:00:00,45476.0,0.583333333333333,23.6,70.8,2266,阴~大雨,PID,28.0,85.0,0.0,0.0,25.2,33.2,0.0,0.0,0.0,0.0,1.0,1010.0,1007.7,23.0,0.0,4.0,21.0,0.02,0.56,19.8,164.0,11.7,25.1,162.0,27.3,26.4,23.2,18.4,0.379,0.396,0.407,0.3,0.0,0.0,0.0,0.0,0.0,0.0,0.0,0.0,0.0,0.0
2024-07-03 14:30:00,45476.0,0.604166666666667,23.3,70.1,2226,阴~大雨,PID,27.75,86.5,0.0,0.0,25.299999999999997,32.900000000000006,0.0,0.0,0.0,0.0,0.5,1009.7,1007.4000000000001,13.0,0.0,2.5,12.0,0.02,0.5,21.05,166.5,12.3,25.75,164.5,27.15,26.35,23.2,18.4,0.379,0.396,0.407,0.3,0.0,0.0,0.0,0.0,0.0,0.0,0.0,0.0,0.0,0.0
2024-07-03 15:00:00,45476.0,0.625,22.4,69.2,2224,阴~大雨,PID,27.5,88.0,0.0,0.0,25.4,32.6,0.0,0.0,0.0,0.0,0.0,1009.4,1007.1,3.0,0.0,1.0,3.0,0.02,0.44,22.3,169.0,12.9,26.4,167.0,27.0,26.3,23.2,18.4,0.379,0.396,0.407,0.3,0.0,0.0,0.0,0.0,0.0,0.0,0.0,0.0,0.0,0.0
2024-07-03 15:30:00,45476.0,0.645833333333333,22.1,68.5,2374,阴~大雨,PID,27.35,89.0,0.0,0.0,25.4,32.45,0.0,0.0,0.0,0.0,0.0,1009.05,1006.75,2.0,0.0,1.0,1.5,0.015,0.4,22.5,170.0,13.100000000000001,26.5,167.0,26.85,26.3,23.2,18.4,0.379,0.396,0.407,0.3,0.0,0.0,0.0,0.0,0.0,0.0,0.0,0.0,0.0,0.0
2024-07-03 16:00:00,45476.0,0.666666666666667,21.8,68.0,2305,阴~大雨,PID,27.2,90.0,0.0,0.0,25.4,32.3,0.0,0.0,0.0,0.0,0.0,1008.7,1006.4,1.0,0.0,1.0,0.0,0.01,0.36,22.7,171.0,13.3,26.6,167.0,26.7,26.3,23.2,18.4,0.379,0.396,0.407,0.3,0.0,0.0,0.0,0.0,0.0,0.0,0.0,0.0,0.0,0.0
2024-07-03 16:30:00,45476.0,0.6875,21.5,67.4,2306,阴~大雨,PID,27.1,90.0,0.0,0.0,25.35,32.2,0.0,0.0,0.0,0.0,0.0,1008.35,1006.05,1.0,0.0,1.0,0.0,0.01,0.35,22.7,174.0,12.95,26.3,172.0,26.549999999999997,26.3,23.25,18.4,0.379,0.3955,0.407,0.3005,0.0,0.0,0.0,0.0,0.0,0.0,0.0,0.0,0.0,0.0
2024-07-03 17:00:00,45476.0,0.708333333333333,21.1,67.0,2432,阴~大雨,PID,27.0,90.0,0.0,0.0,25.3,32.1,0.0,0.0,0.0,0.0,0.0,1008.0,1005.7,1.0,0.0,1.0,0.0,0.01,0.34,22.7,177.0,12.6,26.0,177.0,26.4,26.3,23.3,18.4,0.379,0.395,0.407,0.301,0.0,0.0,0.0,0.0,0.0,0.0,0.0,0.0,0.0,0.0
2024-07-03 17:30:00,45476.0,0.729166666666667,20.8,66.6,2414,阴~大雨,PID,26.9,90.0,0.0,0.0,25.200000000000003,31.950000000000003,0.0,0.0,0.0,0.0,0.0,1007.65,1005.35,0.5,0.0,0.5,0.0,0.01,0.34,22.15,177.0,12.3,25.8,175.0,26.299999999999997,26.25,23.3,18.45,0.379,0.395,0.407,0.301,0.0,0.0,0.0,0.0,0.0,0.0,0.0,0.0,0.0,0.0
2024-07-03 18:00:00,45476.0,0.75,21.2,66.5,2361,阴~大雨,PID,26.8,90.0,0.0,0.0,25.1,31.8,0.0,0.0,0.0,0.0,0.0,1007.3,1005.0,0.0,0.0,0.0,0.0,0.01,0.34,21.6,177.0,12.0,25.6,173.0,26.2,26.2,23.3,18.5,0.379,0.395,0.407,0.301,0.0,0.0,0.0,0.0,0.0,0.0,0.0,0.0,0.0,0.0
2024-07-03 18:30:00,45476.0,0.770833333333333,20.9,66.3,2554,阴~大雨,PID,26.75,90.0,0.0,0.0,25.0,31.700000000000003,0.0,0.0,0.0,0.0,0.0,1007.2,1004.9,1.0,0.0,0.0,1.0,0.01,0.34,21.25,177.5,12.2,25.6,171.5,26.1,26.15,23.3,18.5,0.379,0.3945,0.407,0.301,0.0,0.0,0.0,0.0,0.0,0.0,0.0,0.0,0.0,0.0
2024-07-03 19:00:00,45476.0,0.791666666666667,21.6,66.5,2346,阴~大雨,PID,26.7,90.0,0.0,0.0,24.9,31.6,0.0,0.0,0.0,0.0,0.0,1007.1,1004.8,2.0,0.0,0.0,2.0,0.01,0.34,20.9,178.0,12.4,25.6,170.0,26.0,26.1,23.3,18.5,0.379,0.394,0.407,0.301,0.0,0.0,0.0,0.0,0.0,0.0,0.0,0.0,0.0,0.0
2024-07-03 19:30:00,45476.0,0.8125,21.4,66.5,2262,阴~大雨,PID,26.65,89.5,0.0,0.0,24.799999999999997,31.4,0.0,0.0,0.0,0.0,0.5,1007.1500000000001,1004.8499999999999,20.0,0.0,0.0,20.0,0.01,0.355,21.95,178.5,12.9,26.5,171.0,25.95,26.05,23.3,18.5,0.379,0.394,0.407,0.301,0.0,0.0,0.0,0.0,0.0,0.0,0.0,0.0,0.0,0.0
2024-07-03 20:00:00,45476.0,0.833333333333333,20.5,66.4,2353,阴~大雨,PID,26.6,89.0,0.0,0.0,24.7,31.2,0.0,0.0,0.0,0.0,1.0,1007.2,1004.9,38.0,0.0,0.0,38.0,0.01,0.37,23.0,179.0,13.4,27.4,172.0,25.9,26.0,23.3,18.5,0.379,0.394,0.407,0.301,0.0,0.0,0.0,0.0,0.0,0.0,0.0,0.0,0.0,0.0
2024-07-03 20:30:00,45476.0,0.854166666666667,20.4,66.6,2318,阴~大雨,PID,26.55,89.0,0.0,0.0,24.549999999999997,31.049999999999997,0.0,0.0,0.0,0.0,2.0,1007.05,1004.75,65.5,0.0,0.0,65.5,0.01,0.385,23.0,180.5,13.2,27.4,173.5,25.85,26.0,23.3,18.5,0.379,0.394,0.407,0.301,0.0,0.0,0.0,0.0,0.0,0.0,0.0,0.0,0.0,0.0
2024-07-03 21:00:00,45476.0,0.875,19.4,66.6,2362,阴~大雨,PID,26.5,89.0,0.0,0.0,24.4,30.9,0.0,0.0,0.0,0.0,3.0,1006.9,1004.6,93.0,0.0,0.0,93.0,0.01,0.4,23.0,182.0,13.0,27.4,175.0,25.8,26.0,23.3,18.5,0.379,0.394,0.407,0.301,0.0,0.0,0.0,0.0,0.0,0.0,0.0,0.0,0.0,0.0
2024-07-03 21:30:00,45476.0,0.895833333333333,19.3,67.0,2263,阴~大雨,PID,26.85,86.0,3.0,12.0,24.25,30.9,0.0,0.0,0.0,0.0,2.5,1007.0,1004.7,80.5,0.0,0.0,80.5,0.034999999999999996,0.5,25.7,183.5,14.95,29.45,177.0,25.8,25.95,23.3,18.5,0.379,0.3935,0.4065,0.301,15.0,24.25,15.0,52.599999999999994,115.64999999999999,21.2,34.3,26.399999999999995,6.599999999999999,33.0
2024-07-03 22:00:00,45476.0,0.916666666666667,19.3,67.4,2198,阴~大雨,PID,27.2,83.0,6.0,24.0,24.1,30.9,0.0,0.0,0.0,0.0,2.0,1007.1,1004.8,68.0,0.0,0.0,68.0,0.06,0.6,28.4,185.0,16.9,31.5,179.0,25.8,25.9,23.3,18.5,0.379,0.393,0.406,0.301,30.0,48.5,30.0,105.2,231.3,42.4,68.6,52.8,13.2,66.0
2024-07-03 22:30:00,45476.0,0.9375,19.4,68.0,2209,阴~大雨,PID,27.799999999999997,81.0,38.5,55.0,24.200000000000003,31.45,0.0,0.0,0.0,0.0,1.5,1007.1,1004.8,46.5,0.0,0.0,46.5,0.105,0.71,29.7,187.5,17.65,31.3,182.5,26.0,25.85,23.3,18.5,0.3785,0.393,0.406,0.301,93.5,152.55,93.5,235.65000000000003,365.55,128.4,209.49999999999997,85.1,55.05,140.2
2024-07-03 23:00:00,45476.0,0.958333333333333,19.4,68.6,2204,阴~大雨,PID,28.4,79.0,71.0,86.0,24.3,32.0,0.0,0.0,0.0,0.0,1.0,1007.1,1004.8,25.0,0.0,0.0,25.0,0.15,0.82,31.0,190.0,18.4,31.1,186.0,26.2,25.8,23.3,18.5,0.378,0.393,0.406,0.301,157.0,256.6,157.0,366.1,499.8,214.4,350.4,117.4,96.9,214.4
2024-07-03 23:30:00,45476.0,0.979166666666667,19.6,69.2,2284,阴~大雨,PID,29.15,78.0,142.5,105.0,24.9,33.25,0.0,0.0,0.0,0.0,0.5,1007.1,1004.8,14.0,0.0,0.0,14.0,0.20500000000000002,0.895,31.35,189.5,17.7,30.9,185.5,26.65,25.8,23.3,18.5,0.3775,0.3925,0.406,0.301,247.5,353.6,247.5,497.2,626.35,309.7,445.15,133.0,176.64999999999998,309.7
2024-07-04 00:00:00,45477.0,0.0,20.3,63.9,2146,多云,PID,29.9,77.0,214.0,124.0,25.5,34.5,0.0,0.0,0.0,0.0,0.0,1007.1,1004.8,3.0,0.0,0.0,3.0,0.26,0.97,31.7,189.0,17.0,30.7,185.0,27.1,25.8,23.3,18.5,0.377,0.392,0.406,0.301,338.0,450.6,338.0,628.3,752.9,405.0,539.9,148.6,256.4,405.0
2024-07-04 00:30:00,45477.0,0.0208333333333333,20.3,64.4,2218,多云,PID,30.65,74.5,291.5,138.5,25.65,35.25,0.0,0.0,0.0,0.0,0.0,1007.35,1005.05,1.5,0.0,0.0,1.5,0.33,1.12,32.25,194.5,17.6,28.4,191.5,27.75,25.85,23.3,18.5,0.3745,0.3905,0.406,0.301,430.0,507.05,430.0,747.3499999999999,863.05,495.7,586.45,160.25,335.45,495.7
2024-07-04 01:00:00,45477.0,0.0416666666666667,20.4,64.9,2214,多云,PID,31.4,72.0,369.0,153.0,25.8,36.0,0.0,0.0,0.0,0.0,0.0,1007.6,1005.3,0.0,0.0,0.0,0.0,0.4,1.27,32.8,200.0,18.2,26.1,198.0,28.4,25.9,23.3,18.5,0.372,0.389,0.406,0.301,522.0,563.5,522.0,866.4,973.2,586.4,633.0,171.9,414.5,586.4
2024-07-04 01:30:00,45477.0,0.0625,20.4,65.5,2259,多云,PID,31.95,69.0,438.0,164.0,25.55,36.25,0.0,0.0,0.0,0.0,0.0,1007.35,1005.0999999999999,0.0,0.0,0.0,0.0,0.47000000000000003,1.475,37.45,203.5,21.25,30.35,201.5,28.9,25.95,23.3,18.5,0.371,0.3885,0.406,0.301,602.0,596.95,602.0,965.2,1059.5,660.4,655.95,180.2,480.25,660.4
2024-07-04 02:00:00,45477.0,0.0833333333333333,20.6,66.2,2252,多云,PID,32.5,66.0,507.0,175.0,25.3,36.5,0.0,0.0,0.0,0.0,0.0,1007.1,1004.9,0.0,0.0,0.0,0.0,0.54,1.68,42.1,207.0,24.3,34.6,205.0,29.4,26.0,23.3,18.5,0.37,0.388,0.406,0.301,682.0,630.4,682.0,1064.0,1145.8,734.4,678.9,188.5,546.0,734.4
2024-07-04 02:30:00,45477.0,0.104166666666667,20.7,66.9,2259,多云,PID,32.7,64.5,560.0,182.0,25.15,36.5,0.0,0.0,0.0,0.0,0.0,1007.0,1004.8,0.0,0.0,0.0,0.0,0.585,1.755,46.45,211.5,26.5,37.7,210.0,29.799999999999997,26.15,23.3,18.5,0.369,0.3875,0.4055,0.301,742.0,650.95,742.0,1135.9,1202.4,785.2,689.45,192.75,592.5,785.2
2024-07-04 03:00:00,45477.0,0.125,20.9,67.6,2279,多云,PID,32.9,63.0,613.0,189.0,25.0,36.5,0.0,0.0,0.0,0.0,0.0,1006.9,1004.7,0.0,0.0,0.0,0.0,0.63,1.83,50.8,216.0,28.7,40.8,215.0,30.2,26.3,23.3,18.5,0.368,0.387,0.405,0.301,802.0,671.5,802.0,1207.8,1259.0,836.0,700.0,197.0,639.0,836.0
2024-07-04 03:30:00,45477.0,0.145833333333333,21.2,68.3,2397,多云,PID,33.0,63.0,644.0,192.0,25.0,36.75,0.0,0.0,0.0,0.0,0.0,1006.75,1004.55,0.0,0.0,0.0,0.0,0.65,1.8599999999999999,51.3,218.5,29.0,41.05,218.5,30.549999999999997,26.4,23.3,18.5,0.3665,0.386,0.405,0.301,836.0,682.5,836.0,1247.8,1282.0,858.8,701.4,197.3,661.5,858.8
2024-07-04 04:00:00,45477.0,0.166666666666667,21.4,69.1,2311,多云,PID,33.1,63.0,675.0,195.0,25.0,37.0,0.0,0.0,0.0,0.0,0.0,1006.6,1004.4,0.0,0.0,0.0,0.0,0.67,1.89,51.8,221.0,29.3,41.3,222.0,30.9,26.5,23.3,18.5,0.365,0.385,0.405,0.301,870.0,693.5,870.0,1287.8,1305.0,881.6,702.8,197.6,684.0,881.6
2024-07-04 04:30:00,45477.0,0.1875,21.7,69.8,2310,多云,PID,33.150000000000006,63.5,649.0,206.0,25.2,37.35,0.0,0.0,0.0,0.0,0.5,1006.2,1004.0,10.5,0.5,9.5,0.5,0.66,1.87,51.65,222.0,27.9,39.25,222.5,31.1,26.65,23.3,18.5,0.3635,0.3845,0.4045,0.301,855.0,664.1,855.0,1293.1999999999998,1292.8,854.95,664.3499999999999,205.8,649.15,854.95
2024-07-04 05:00:00,45477.0,0.208333333333333,22,70.5,2265,多云,PID,33.2,64.0,623.0,217.0,25.4,37.7,0.0,0.0,0.0,0.0,1.0,1005.8,1003.6,21.0,1.0,19.0,1.0,0.65,1.85,51.5,223.0,26.5,37.2,223.0,31.3,26.8,23.3,18.5,0.362,0.384,0.404,0.301,840.0,634.7,840.0,1298.6,1280.6,828.3,625.9,214.0,614.3,828.3
2024-07-04 05:30:00,45477.0,0.229166666666667,22.3,71.2,2285,多云,PID,33.2,63.5,592.5,220.5,25.25,37.35,0.0,0.0,0.0,0.0,1.5,1005.2,1003.0,44.5,10.5,37.0,8.5,0.64,1.87,52.4,221.5,27.15,38.400000000000006,221.5,31.450000000000003,26.9,23.35,18.5,0.3605,0.383,0.404,0.301,813.0,617.25,813.0,1269.1,1234.1,790.65,600.3,214.3,576.3499999999999,790.65
2024-07-04 06:00:00,45477.0,0.25,22.7,71.8,2667,多云,PID,33.2,63.0,562.0,224.0,25.1,37.0,0.0,0.0,0.0,0.0,2.0,1004.6,1002.4,68.0,20.0,55.0,16.0,0.63,1.89,53.3,220.0,27.8,39.6,220.0,31.6,27.0,23.4,18.5,0.359,0.382,0.404,0.301,786.0,599.8,786.0,1239.6,1187.6,753.0,574.7,214.6,538.4,753.0
2024-07-04 06:30:00,45477.0,0.270833333333333,23,72.4,2485,多云,PID,32.650000000000006,66.0,457.5,232.0,25.4,36.6,0.3,0.3,0.0,0.0,27.5,1004.6500000000001,1002.45,56.0,16.0,38.0,21.5,0.55,1.68,52.55,228.0,25.35,36.0,228.5,31.5,27.15,23.4,18.5,0.3605,0.3815,0.404,0.301,689.5,509.4,689.5,1177.15,1109.9,651.05,481.35,218.39999999999998,432.65,651.05
2024-07-04 07:00:00,45477.0,0.291666666666667,23.3,72.9,2537,多云,PID,32.1,69.0,353.0,240.0,25.7,36.2,0.6,0.6,0.0,0.0,53.0,1004.7,1002.5,44.0,12.0,21.0,27.0,0.47,1.47,51.8,236.0,22.9,32.4,237.0,31.4,27.3,23.4,18.5,0.362,0.381,0.404,0.301,593.0,419.0,593.0,1114.7,1032.2,549.1,388.0,222.2,326.9,549.1
2024-07-04 07:30:00,45477.0,0.3125,23.7,73.3,2403,多云,PID,30.8,75.5,304.0,211.0,25.9,35.75,3.85,3.85,0.0,0.0,58.0,1005.05,1002.8,68.0,10.5,31.0,57.5,0.395,1.1,45.349999999999994,251.5,17.2,25.2,252.5,31.049999999999997,27.4,23.4,18.5,0.40049999999999997,0.3815,0.404,0.3015,515.0,390.45,515.0,1023.55,928.6,467.9,354.1,191.6,276.25,467.9
2024-07-04 08:00:00,45477.0,0.333333333333333,24.9,73.9,2297,多云,PID,29.5,82.0,255.0,182.0,26.1,35.3,7.1,7.1,0.0,0.0,63.0,1005.4,1003.1,92.0,9.0,41.0,88.0,0.32,0.73,38.9,267.0,11.5,18.0,268.0,30.7,27.5,23.4,18.5,0.439,0.382,0.404,0.302,437.0,361.9,437.0,932.4,825.0,386.7,320.2,161.0,225.6,386.7
2024-07-04 08:30:00,45477.0,0.354166666666667,25.2,74.2,2299,多云,PID,29.65,82.5,163.0,159.5,26.35,36.099999999999994,3.55,3.55,0.0,0.0,32.5,1005.25,1002.95,75.5,4.5,32.0,69.5,0.245,0.72,30.45,256.5,8.25,13.9,254.0,30.35,27.55,23.4,18.5,0.4295,0.3855,0.404,0.302,322.5,247.55,322.5,818.75,702.6,278.95,214.89999999999998,136.85,142.0,278.95
2024-07-04 09:00:00,45477.0,0.375,26.1,74.5,2255,多云,PID,29.8,83.0,71.0,137.0,26.6,36.9,0.0,0.0,0.0,0.0,2.0,1005.1,1002.8,59.0,0.0,23.0,51.0,0.17,0.71,22.0,246.0,5.0,9.8,240.0,30.0,27.6,23.4,18.5,0.42,0.389,0.404,0.302,208.0,133.2,208.0,705.1,580.2,171.2,109.6,112.7,58.4,171.2
2024-07-04 09:30:00,45477.0,0.395833333333333,26.4,74.6,2347,多云,PID,29.9,82.5,67.0,123.5,26.6,37.0,0.0,0.0,0.0,0.0,2.0,1005.1,1002.8,69.0,0.0,12.5,65.0,0.155,0.735,17.65,249.5,5.1,8.65,247.0,29.85,27.65,23.4,18.5,0.417,0.3895,0.4035,0.302,190.5,159.54999999999998,190.5,576.7,447.3,146.25,120.0,94.9,51.3,146.25
2024-07-04 10:00:00,45477.0,0.416666666666667,25.6,74.2,2301,多云,PID,30.0,82.0,63.0,110.0,26.6,37.1,0.0,0.0,0.0,0.0,2.0,1005.1,1002.8,79.0,0.0,2.0,79.0,0.14,0.76,13.3,253.0,5.2,7.5,254.0,29.7,27.7,23.4,18.5,0.414,0.39,0.403,0.302,173.0,185.9,173.0,448.3,314.4,121.3,130.4,77.1,44.2,121.3
2024-07-04 10:30:00,45477.0,0.4375,25.8,74.1,2333,多云,PID,29.45,86.5,36.0,76.5,26.9,36.75,0.0,0.0,0.0,0.0,2.5,1005.25,1002.95,87.5,0.0,1.5,87.5,0.09000000000000001,0.565,11.7,252.0,5.1,8.7,251.5,29.4,27.7,23.4,18.5,0.4125,0.3905,0.403,0.302,112.5,122.0,112.5,313.9,180.04999999999998,66.44999999999999,71.7,44.05,23.25,67.25
2024-07-04 11:00:00,45477.0,0.458333333333333,25.2,73.6,2478,多云,PID,28.9,91.0,9.0,43.0,27.2,36.4,0.0,0.0,0.0,0.0,3.0,1005.4,1003.1,96.0,0.0,1.0,96.0,0.04,0.37,10.1,251.0,5.0,9.9,249.0,29.1,27.7,23.4,18.5,0.411,0.391,0.403,0.302,52.0,58.1,52.0,179.5,45.7,11.6,13.0,11.0,2.3,13.2
2024-07-04 11:30:00,45477.0,0.479166666666667,25.3,73.3,2590,多云,PID,28.6,91.0,4.5,22.0,26.95,35.9,0.0,0.0,0.0,0.0,3.0,1005.55,1003.25,97.5,1.5,2.0,97.0,0.03,0.355,9.75,240.0,5.2,10.7,224.5,28.75,27.7,23.45,18.5,0.4095,0.391,0.403,0.302,26.5,29.05,26.5,96.3,22.85,5.8,6.5,5.5,1.15,6.6000000000000005
2024-07-04 12:00:00,45477.0,0.5,26,73.1,2483,多云,PID,28.3,91.0,0.0,1.0,26.7,35.4,0.0,0.0,0.0,0.0,3.0,1005.7,1003.4,99.0,3.0,3.0,98.0,0.02,0.34,9.4,229.0,5.4,11.5,200.0,28.4,27.7,23.5,18.5,0.408,0.391,0.403,0.302,1.0,0.0,1.0,13.1,0.0,0.0,0.0,0.0,0.0,0.0
2024-07-04 12:30:00,45477.0,0.520833333333333,26,72.6,2346,多云,PID,27.700000000000003,91.5,0.0,0.5,26.25,34.599999999999994,0.0,0.0,0.0,0.0,2.0,1006.05,1003.75,71.0,3.5,15.5,58.0,0.01,0.30500000000000005,11.200000000000001,245.5,4.7,11.95,232.5,28.299999999999997,27.6,23.5,18.5,0.40249999999999997,0.387,0.4035,0.302,0.5,0.0,0.5,6.55,0.0,0.0,0.0,0.0,0.0,0.0
2024-07-04 13:00:00,45477.0,0.541666666666667,26.4,72.2,2264,多云,PID,27.1,92.0,0.0,0.0,25.8,33.8,0.0,0.0,0.0,0.0,1.0,1006.4,1004.1,43.0,4.0,28.0,18.0,0.0,0.27,13.0,262.0,4.0,12.4,265.0,28.2,27.5,23.5,18.5,0.397,0.383,0.404,0.302,0.0,0.0,0.0,0.0,0.0,0.0,0.0,0.0,0.0,0.0
2024-07-04 13:30:00,45477.0,0.5625,26.3,71.6,2303,多云,PID,27.15,92.0,0.0,0.0,25.75,33.75,0.1,0.1,0.0,0.0,26.0,1006.55,1004.25,40.5,6.0,30.5,12.0,0.0,0.28,11.0,269.5,4.25,13.45,274.5,27.85,27.5,23.5,18.5,0.3975,0.3835,0.404,0.302,0.0,0.0,0.0,0.0,0.0,0.0,0.0,0.0,0.0,0.0
2024-07-04 14:00:00,45477.0,0.583333333333333,25.5,70.7,2272,多云,PID,27.2,92.0,0.0,0.0,25.7,33.7,0.2,0.2,0.0,0.0,51.0,1006.7,1004.4,38.0,8.0,33.0,6.0,0.0,0.29,9.0,277.0,4.5,14.5,284.0,27.5,27.5,23.5,18.5,0.398,0.384,0.404,0.302,0.0,0.0,0.0,0.0,0.0,0.0,0.0,0.0,0.0,0.0
2024-07-04 14:30:00,45477.0,0.604166666666667,25.3,70.0,2277,多云,PID,27.2,89.5,0.0,0.0,25.299999999999997,33.3,0.1,0.1,0.0,0.0,25.5,1006.85,1004.55,28.5,6.0,23.0,5.0,0.0,0.375,10.45,282.0,5.75,16.1,287.5,27.25,27.45,23.5,18.5,0.397,0.384,0.404,0.302,0.0,0.0,0.0,0.0,0.0,0.0,0.0,0.0,0.0,0.0
2024-07-04 15:00:00,45477.0,0.625,24.6,69.1,2299,多云,PID,27.2,87.0,0.0,0.0,24.9,32.9,0.0,0.0,0.0,0.0,0.0,1007.0,1004.7,19.0,4.0,13.0,4.0,0.0,0.46,11.9,287.0,7.0,17.7,291.0,27.0,27.4,23.5,18.5,0.396,0.384,0.404,0.302,0.0,0.0,0.0,0.0,0.0,0.0,0.0,0.0,0.0,0.0
2024-07-04 15:30:00,45477.0,0.645833333333333,24.3,68.3,2360,多云,PID,26.85,88.0,0.0,0.0,24.7,32.55,0.0,0.0,0.0,0.0,1.5,1006.85,1004.55,57.0,2.0,6.5,49.5,0.0,0.42000000000000004,12.05,270.0,6.05,15.05,261.0,26.8,27.299999999999997,23.5,18.5,0.3955,0.384,0.404,0.302,0.0,0.0,0.0,0.0,0.0,0.0,0.0,0.0,0.0,0.0
2024-07-04 16:00:00,45477.0,0.666666666666667,24.1,67.6,2251,多云,PID,26.5,89.0,0.0,0.0,24.5,32.2,0.0,0.0,0.0,0.0,3.0,1006.7,1004.4,95.0,0.0,0.0,95.0,0.0,0.38,12.2,253.0,5.1,12.4,231.0,26.6,27.2,23.5,18.5,0.395,0.384,0.404,0.302,0.0,0.0,0.0,0.0,0.0,0.0,0.0,0.0,0.0,0.0
2024-07-04 16:30:00,45477.0,0.6875,23.8,66.9,2372,多云,PID,26.45,90.0,0.0,0.0,24.65,32.1,0.0,0.0,0.0,0.0,1.5,1006.35,1004.05,49.0,0.0,1.5,47.5,0.0,0.345,12.399999999999999,223.5,6.0,14.350000000000001,202.5,26.450000000000003,27.15,23.5,18.55,0.3945,0.384,0.404,0.302,0.0,0.0,0.0,0.0,0.0,0.0,0.0,0.0,0.0,0.0
2024-07-04 17:00:00,45477.0,0.708333333333333,23.5,66.2,2403,多云,PID,26.4,91.0,0.0,0.0,24.8,32.0,0.0,0.0,0.0,0.0,0.0,1006.0,1003.7,3.0,0.0,3.0,0.0,0.0,0.31,12.6,194.0,6.9,16.3,174.0,26.3,27.1,23.5,18.6,0.394,0.384,0.404,0.302,0.0,0.0,0.0,0.0,0.0,0.0,0.0,0.0,0.0,0.0
2024-07-04 17:30:00,45477.0,0.729166666666667,23.1,65.5,2350,多云,PID,26.4,91.0,0.0,0.0,24.85,31.95,0.0,0.0,0.0,0.0,0.0,1005.85,1003.55,2.5,0.0,2.0,0.5,0.0,0.305,13.3,197.5,7.4,18.2,178.5,26.200000000000003,27.0,23.5,18.6,0.3935,0.384,0.404,0.302,0.0,0.0,0.0,0.0,0.0,0.0,0.0,0.0,0.0,0.0
2024-07-04 18:00:00,45477.0,0.75,23.6,65.2,2560,多云,PID,26.4,91.0,0.0,0.0,24.9,31.9,0.0,0.0,0.0,0.0,0.0,1005.7,1003.4,2.0,0.0,1.0,1.0,0.0,0.3,14.0,201.0,7.9,20.1,183.0,26.1,26.9,23.5,18.6,0.393,0.384,0.404,0.302,0.0,0.0,0.0,0.0,0.0,0.0,0.0,0.0,0.0,0.0
2024-07-04 18:30:00,45477.0,0.770833333333333,23.3,64.7,2500,多云,PID,26.45,91.0,0.0,0.0,24.9,31.95,0.0,0.0,0.0,0.0,0.0,1005.7,1003.4,10.0,0.0,2.5,8.0,0.0,0.3,14.55,199.0,7.9,19.65,183.0,26.0,26.85,23.5,18.6,0.3925,0.384,0.404,0.302,0.0,0.0,0.0,0.0,0.0,0.0,0.0,0.0,0.0,0.0
2024-07-04 19:00:00,45477.0,0.791666666666667,24,64.5,2301,多云,PID,26.5,91.0,0.0,0.0,24.9,32.0,0.0,0.0,0.0,0.0,0.0,1005.7,1003.4,18.0,0.0,4.0,15.0,0.0,0.3,15.1,197.0,7.9,19.2,183.0,25.9,26.8,23.5,18.6,0.392,0.384,0.404,0.302,0.0,0.0,0.0,0.0,0.0,0.0,0.0,0.0,0.0,0.0
2024-07-04 19:30:00,45477.0,0.8125,23.7,64.1,2274,多云,PID,26.35,91.5,0.0,0.0,24.85,31.85,0.0,0.0,0.0,0.0,1.0,1005.6500000000001,1003.3499999999999,45.5,0.0,2.0,44.0,0.0,0.28500000000000003,14.75,196.0,7.95,19.299999999999997,179.0,25.85,26.700000000000003,23.55,18.6,0.3915,0.3845,0.4035,0.302,0.0,0.0,0.0,0.0,0.0,0.0,0.0,0.0,0.0,0.0
2024-07-04 20:00:00,45477.0,0.833333333333333,22.5,63.6,2346,多云,PID,26.2,92.0,0.0,0.0,24.8,31.7,0.0,0.0,0.0,0.0,2.0,1005.6,1003.3,73.0,0.0,0.0,73.0,0.0,0.27,14.4,195.0,8.0,19.4,175.0,25.8,26.6,23.6,18.6,0.391,0.385,0.403,0.302,0.0,0.0,0.0,0.0,0.0,0.0,0.0,0.0,0.0,0.0
2024-07-04 20:30:00,45477.0,0.854166666666667,22.2,63.4,2366,多云,PID,26.25,91.0,0.0,0.0,24.65,31.6,0.0,0.0,0.0,0.0,1.5,1005.55,1003.25,49.5,0.0,0.0,49.5,0.0,0.31,14.95,198.5,8.3,19.95,178.5,25.75,26.55,23.6,18.6,0.3905,0.385,0.403,0.302,0.0,0.0,0.0,0.0,0.0,0.0,0.0,0.0,0.0,0.0
2024-07-04 21:00:00,45477.0,0.875,21,63.0,2268,多云,PID,26.3,90.0,0.0,0.0,24.5,31.5,0.0,0.0,0.0,0.0,1.0,1005.5,1003.2,26.0,0.0,0.0,26.0,0.0,0.35,15.5,202.0,8.6,20.5,182.0,25.7,26.5,23.6,18.6,0.39,0.385,0.403,0.302,0.0,0.0,0.0,0.0,0.0,0.0,0.0,0.0,0.0,0.0
2024-07-04 21:30:00,45477.0,0.895833333333333,20.8,63.0,2280,多云,PID,26.65,88.0,3.5,11.0,24.45,31.65,0.0,0.0,0.0,0.0,0.5,1005.5,1003.2,15.5,0.0,0.0,15.5,0.02,0.43,16.95,204.0,9.85,21.7,187.5,25.7,26.45,23.6,18.6,0.3895,0.385,0.403,0.302,14.5,28.5,14.5,52.15,114.69999999999999,20.45,40.15,24.2,7.7,31.9
2024-07-04 22:00:00,45477.0,0.916666666666667,20.6,63.1,2257,多云,PID,27.0,86.0,7.0,22.0,24.4,31.8,0.0,0.0,0.0,0.0,0.0,1005.5,1003.2,5.0,0.0,0.0,5.0,0.04,0.51,18.4,206.0,11.1,22.9,193.0,25.7,26.4,23.6,18.6,0.389,0.385,0.403,0.302,29.0,57.0,29.0,104.3,229.4,40.9,80.3,48.4,15.4,63.8
2024-07-04 22:30:00,45477.0,0.9375,20.5,63.3,2273,多云,PID,27.65,84.0,40.5,52.0,24.65,32.4,0.0,0.0,0.0,0.0,0.0,1005.6,1003.3,11.0,0.0,5.5,5.5,0.08499999999999999,0.605,21.1,209.5,12.55,23.85,198.0,26.0,26.35,23.6,18.6,0.3885,0.385,0.403,0.3025,92.5,162.9,92.5,234.3,363.75,127.1,223.95,80.25,58.3,138.55
2024-07-04 23:00:00,45477.0,0.958333333333333,20.4,63.6,2296,多云,PID,28.3,82.0,74.0,82.0,24.9,33.0,0.0,0.0,0.0,0.0,0.0,1005.7,1003.4,17.0,0.0,11.0,6.0,0.13,0.7,23.8,213.0,14.0,24.8,203.0,26.3,26.3,23.6,18.6,0.388,0.385,0.403,0.303,156.0,268.8,156.0,364.3,498.1,213.3,367.6,112.1,101.2,213.3
2024-07-04 23:30:00,45477.0,0.979166666666667,20.3,63.9,2251,多云,PID,29.05,81.0,134.5,107.0,25.4,34.05,0.0,0.0,0.0,0.0,0.0,1005.7,1003.4,13.5,0.0,6.0,7.5,0.19,0.7749999999999999,24.15,211.0,13.7,24.1,201.5,26.8,26.3,23.6,18.6,0.3875,0.3845,0.403,0.303,241.5,340.25,241.5,495.5,624.75,302.65,430.55,135.2,167.5,302.65
2024-07-05 00:00:00,45478.0,0.0,20.5,71.9,2218,阴~多云,PID,29.8,80.0,195.0,132.0,25.9,35.1,0.0,0.0,0.0,0.0,0.0,1005.7,1003.4,10.0,0.0,1.0,9.0,0.25,0.85,24.5,209.0,13.4,23.4,200.0,27.3,26.3,23.6,18.6,0.387,0.384,0.403,0.303,327.0,411.7,327.0,626.7,751.4,392.0,493.5,158.3,233.8,392.0
2024-07-05 00:30:00,45478.0,0.0208333333333333,20.8,72.6,2237,阴~多云,PID,30.55,77.5,206.5,171.0,26.1,35.95,0.0,0.0,0.0,0.0,1.0,1005.45,1003.15,41.0,0.0,1.0,40.5,0.29500000000000004,1.0,25.75,203.5,14.0,22.1,198.0,28.3,26.4,23.6,18.6,0.3835,0.3835,0.403,0.303,377.5,372.54999999999995,377.5,745.9000000000001,861.7,436.45,434.05,197.15,239.4,436.45
2024-07-05 01:00:00,45478.0,0.0416666666666667,21,73.3,2262,阴~多云,PID,31.3,75.0,218.0,210.0,26.3,36.8,0.0,0.0,0.0,0.0,2.0,1005.2,1002.9,72.0,0.0,1.0,72.0,0.34,1.15,27.0,198.0,14.6,20.8,196.0,29.3,26.5,23.6,18.6,0.38,0.383,0.403,0.303,428.0,333.4,428.0,865.1,972.0,480.9,374.6,236.0,245.0,480.9
2024-07-05 01:30:00,45478.0,0.0625,21.3,74.1,2195,阴~多云,PID,32.0,72.0,339.0,207.0,26.25,37.45,0.0,0.0,0.0,0.0,2.5,1005.05,1002.8,86.0,0.0,5.0,86.0,0.43000000000000005,1.35,30.4,204.0,16.8,23.55,202.5,29.75,26.6,23.6,18.6,0.3785,0.3825,0.403,0.303,546.0,453.0,546.0,964.05,1058.45,598.05,495.65000000000003,227.85,370.25,598.05
2024-07-05 02:00:00,45478.0,0.0833333333333333,21.6,74.7,2273,阴~多云,PID,32.7,69.0,460.0,204.0,26.2,38.1,0.0,0.0,0.0,0.0,3.0,1004.9,1002.7,100.0,0.0,9.0,100.0,0.52,1.55,33.8,210.0,19.0,26.3,209.0,30.2,26.7,23.6,18.6,0.377,0.382,0.403,0.303,664.0,572.6,664.0,1063.0,1144.9,715.2,616.7,219.7,495.5,715.2
2024-07-05 02:30:00,45478.0,0.104166666666667,22,75.4,2231,阴~多云,PID,33.1,67.0,500.5,218.0,26.1,38.45,0.0,0.0,0.0,0.0,3.0,1004.8,1002.6,100.0,0.0,4.5,100.0,0.565,1.685,36.349999999999994,212.0,20.3,28.2,211.0,30.6,26.799999999999997,23.6,18.6,0.3755,0.381,0.403,0.303,718.5,582.8,718.5,1135.0,1201.65,760.55,617.5,230.8,529.75,760.55
2024-07-05 03:00:00,45478.0,0.125,22.3,76.0,2303,阴~多云,PID,33.5,65.0,541.0,232.0,26.0,38.8,0.0,0.0,0.0,0.0,3.0,1004.7,1002.5,100.0,0.0,0.0,100.0,0.61,1.82,38.9,214.0,21.6,30.1,213.0,31.0,26.9,23.6,18.6,0.374,0.38,0.403,0.303,773.0,593.0,773.0,1207.0,1258.4,805.9,618.3,241.9,564.0,805.9
2024-07-05 03:30:00,45478.0,0.145833333333333,22.6,76.6,2331,阴~多云,PID,33.8,63.5,588.0,226.5,25.95,39.2,0.0,0.0,0.0,0.0,3.0,1004.55,1002.35,95.0,0.0,0.0,95.0,0.645,1.9100000000000001,39.45,213.5,21.9,30.15,212.5,31.35,27.049999999999997,23.6,18.6,0.3725,0.3795,0.4025,0.303,814.5,622.85,814.5,1247.15,1281.5,836.7,639.8499999999999,232.95,603.75,836.7
2024-07-05 04:00:00,45478.0,0.166666666666667,23,77.0,2404,阴~多云,PID,34.1,62.0,635.0,221.0,25.9,39.6,0.0,0.0,0.0,0.0,3.0,1004.4,1002.2,90.0,0.0,0.0,90.0,0.68,2.0,40.0,213.0,22.2,30.2,212.0,31.7,27.2,23.6,18.6,0.371,0.379,0.402,0.303,856.0,652.7,856.0,1287.3,1304.6,867.5,661.4,224.0,643.5,867.5
2024-07-05 04:30:00,45478.0,0.1875,23.3,77.4,2193,阴~多云,PID,34.3,60.0,659.5,209.0,25.45,39.55,0.0,0.0,0.0,0.0,1.5,1004.0999999999999,1001.9000000000001,45.0,0.0,0.0,45.0,0.7,2.15,40.15,214.5,22.6,30.85,213.5,31.950000000000003,27.299999999999997,23.6,18.6,0.369,0.3785,0.402,0.303,868.5,674.85,868.5,1292.85,1292.5,868.15,674.4,209.15,659.0,868.15
2024-07-05 05:00:00,45478.0,0.208333333333333,23.6,77.7,2311,阴~多云,PID,34.5,58.0,684.0,197.0,25.0,39.5,0.0,0.0,0.0,0.0,0.0,1003.8,1001.6,0.0,0.0,0.0,0.0,0.72,2.3,40.3,216.0,23.0,31.5,215.0,32.2,27.4,23.6,18.6,0.367,0.378,0.402,0.303,881.0,697.0,881.0,1298.4,1280.4,868.8,687.4,194.3,674.5,868.8
2024-07-05 05:30:00,45478.0,0.229166666666667,23.9,77.9,2325,阴~多云,PID,34.5,58.0,665.5,192.5,25.0,39.35,0.0,0.0,0.0,0.0,0.0,1003.45,1001.25,1.5,0.5,0.5,0.5,0.705,2.3,40.65,215.5,23.2,31.95,214.5,32.35,27.549999999999997,23.65,18.6,0.3655,0.377,0.402,0.303,858.0,693.8,858.0,1268.95,1233.95,834.4,674.55,187.20000000000002,647.2,834.4
2024-07-05 06:00:00,45478.0,0.25,24.1,78.0,2604,阴~多云,PID,34.5,58.0,647.0,188.0,25.0,39.2,0.0,0.0,0.0,0.0,0.0,1003.1,1000.9,3.0,1.0,1.0,1.0,0.69,2.3,41.0,215.0,23.4,32.4,214.0,32.5,27.7,23.7,18.6,0.364,0.376,0.402,0.303,835.0,690.6,835.0,1239.5,1187.5,800.0,661.7,180.1,619.9,800.0
2024-07-05 06:30:00,45478.0,0.270833333333333,24.3,78.1,2510,阴~多云,PID,34.45,58.5,593.0,183.0,25.1,39.05,0.0,0.0,0.0,0.0,0.0,1002.8,1000.5999999999999,7.5,0.5,1.0,6.0,0.6499999999999999,2.275,41.0,214.5,22.5,31.65,213.5,32.5,27.85,23.7,18.6,0.3625,0.3755,0.4015,0.303,776.0,665.2,776.0,1177.1,1109.85,731.95,627.05,172.45,559.5,731.95
2024-07-05 07:00:00,45478.0,0.291666666666667,24.5,78.0,2474,阴~多云,PID,34.4,59.0,539.0,178.0,25.2,38.9,0.0,0.0,0.0,0.0,0.0,1002.5,1000.3,12.0,0.0,1.0,11.0,0.61,2.25,41.0,214.0,21.6,30.9,213.0,32.5,28.0,23.7,18.6,0.361,0.375,0.401,0.303,717.0,639.8,717.0,1114.7,1032.2,663.9,592.4,164.8,499.1,663.9
2024-07-05 07:30:00,45478.0,0.3125,24.6,77.8,2399,阴~多云,PID,34.3,60.0,473.0,169.5,25.45,38.8,0.0,0.0,0.0,0.0,0.5,1002.3,1000.0999999999999,17.0,0.0,1.5,16.0,0.5549999999999999,2.16,39.2,213.5,20.200000000000003,29.4,212.5,32.4,28.1,23.7,18.6,0.36,0.3745,0.401,0.303,642.5,608.65,642.5,1023.55,928.6,583.25,551.7,153.65,429.6,583.25
2024-07-05 08:00:00,45478.0,0.333333333333333,25.7,77.8,2258,阴~多云,PID,34.2,61.0,407.0,161.0,25.7,38.7,0.0,0.0,0.0,0.0,1.0,1002.1,999.9,22.0,0.0,2.0,21.0,0.5,2.07,37.4,213.0,18.8,27.9,212.0,32.3,28.2,23.7,18.6,0.359,0.374,0.401,0.303,568.0,577.5,568.0,932.4,825.0,502.6,511.0,142.5,360.1,502.6
2024-07-05 08:30:00,45478.0,0.354166666666667,25.8,77.5,2419,阴~多云,PID,33.85,63.5,327.0,150.0,25.9,38.6,0.0,0.0,0.0,0.0,1.0,1002.1,999.9,27.0,0.0,1.0,26.5,0.425,1.9249999999999998,34.7,213.5,17.75,27.6,212.5,32.099999999999994,28.299999999999997,23.7,18.6,0.358,0.3735,0.401,0.303,477.0,520.5,477.0,818.75,702.5500000000001,410.1,446.2,128.45000000000002,281.65,410.1
2024-07-05 09:00:00,45478.0,0.375,26.6,77.2,2327,阴~多云,PID,33.5,66.0,247.0,139.0,26.1,38.5,0.0,0.0,0.0,0.0,1.0,1002.1,999.9,32.0,0.0,0.0,32.0,0.35,1.78,32.0,214.0,16.7,27.3,213.0,31.9,28.4,23.7,18.6,0.357,0.373,0.401,0.303,386.0,463.5,386.0,705.1,580.1,317.6,381.4,114.4,203.2,317.6
2024-07-05 09:30:00,45478.0,0.395833333333333,26.6,76.7,2261,阴~多云,PID,32.95,67.5,177.5,119.0,26.0,38.0,0.0,0.0,0.0,0.0,1.0,1002.1500000000001,999.95,35.0,0.0,0.0,35.0,0.285,1.645,30.2,213.5,15.85,27.35,211.5,31.6,28.45,23.7,18.6,0.3565,0.3725,0.4005,0.303,296.5,391.15,296.5,576.65,447.15,231.35000000000002,302.45,91.9,139.45,231.35000000000002
2024-07-05 10:00:00,45478.0,0.416666666666667,25.5,75.8,2317,阴~多云,PID,32.4,69.0,108.0,99.0,25.9,37.5,0.0,0.0,0.0,0.0,1.0,1002.2,1000.0,38.0,0.0,0.0,38.0,0.22,1.51,28.4,213.0,15.0,27.4,210.0,31.3,28.5,23.7,18.6,0.356,0.372,0.4,0.303,207.0,318.8,207.0,448.2,314.2,145.1,223.5,69.4,75.7,145.1
2024-07-05 10:30:00,45478.0,0.4375,25.4,75.2,2307,阴~多云,PID,31.799999999999997,70.5,63.5,70.5,25.7,36.95,0.0,0.0,0.0,0.0,2.0,1002.1500000000001,999.95,64.0,0.0,0.0,64.0,0.16,1.39,27.0,207.5,13.95,27.1,204.0,30.9,28.55,23.75,18.6,0.356,0.372,0.4,0.303,134.0,220.75,134.0,313.7,179.75,79.3,125.3,40.0,40.25,80.25
2024-07-05 11:00:00,45478.0,0.458333333333333,24.4,74.2,2577,阴~多云,PID,31.2,72.0,19.0,42.0,25.5,36.4,0.0,0.0,0.0,0.0,3.0,1002.1,999.9,90.0,0.0,0.0,90.0,0.1,1.27,25.6,202.0,12.9,26.8,198.0,30.5,28.6,23.8,18.6,0.356,0.372,0.4,0.303,61.0,122.7,61.0,179.2,45.3,13.5,27.1,10.6,4.8,15.4
2024-07-05 11:30:00,45478.0,0.479166666666667,24.2,73.5,2457,阴~多云,PID,30.799999999999997,74.0,9.5,21.5,25.6,36.15,0.0,0.0,0.0,0.0,3.0,1002.1500000000001,999.9,95.0,0.0,0.0,95.0,0.08,1.15,23.95,196.5,12.25,26.05,191.5,30.15,28.6,23.8,18.6,0.356,0.372,0.4,0.303,31.0,61.35000000000001,31.0,96.05,22.65,6.75,13.549999999999999,5.3,2.4,7.7
2024-07-05 12:00:00,45478.0,0.5,24.8,73.0,2553,阴~多云,PID,30.4,76.0,0.0,1.0,25.7,35.9,0.0,0.0,0.0,0.0,3.0,1002.2,999.9,100.0,0.0,0.0,100.0,0.06,1.03,22.3,191.0,11.6,25.3,185.0,29.8,28.6,23.8,18.6,0.356,0.372,0.4,0.303,1.0,0.0,1.0,12.9,0.0,0.0,0.0,0.0,0.0,0.0
2024-07-05 12:30:00,45478.0,0.520833333333333,24.6,72.3,2427,阴~多云,PID,30.549999999999997,75.5,0.0,0.5,25.7,36.05,0.0,0.0,0.0,0.0,3.0,1002.2,999.9,100.0,0.0,0.5,100.0,0.055,1.065,21.25,195.5,11.6,25.85,190.5,30.05,28.55,23.8,18.6,0.3545,0.371,0.4005,0.303,0.5,0.0,0.5,6.45,0.0,0.0,0.0,0.0,0.0,0.0
2024-07-05 13:00:00,45478.0,0.541666666666667,25.3,71.9,2298,阴~多云,PID,30.7,75.0,0.0,0.0,25.7,36.2,0.0,0.0,0.0,0.0,3.0,1002.2,999.9,100.0,0.0,1.0,100.0,0.05,1.1,20.2,200.0,11.6,26.4,196.0,30.3,28.5,23.8,18.6,0.353,0.37,0.401,0.303,0.0,0.0,0.0,0.0,0.0,0.0,0.0,0.0,0.0,0.0
2024-07-05 13:30:00,45478.0,0.5625,25,71.2,2306,阴~多云,PID,30.5,74.5,0.0,0.0,25.45,35.7,0.0,0.0,0.0,0.0,3.0,1002.3,1000.0,100.0,0.0,1.0,100.0,0.05,1.1,21.45,206.5,12.5,27.4,203.5,29.950000000000003,28.5,23.8,18.6,0.353,0.37,0.401,0.303,0.0,0.0,0.0,0.0,0.0,0.0,0.0,0.0,0.0,0.0
2024-07-05 14:00:00,45478.0,0.583333333333333,23.8,70.2,2274,阴~多云,PID,30.3,74.0,0.0,0.0,25.2,35.2,0.0,0.0,0.0,0.0,3.0,1002.4,1000.1,100.0,0.0,1.0,100.0,0.05,1.1,22.7,213.0,13.4,28.4,211.0,29.6,28.5,23.8,18.6,0.353,0.37,0.401,0.303,0.0,0.0,0.0,0.0,0.0,0.0,0.0,0.0,0.0,0.0
2024-07-05 14:30:00,45478.0,0.604166666666667,23.5,69.6,2303,阴~多云,PID,30.4,71.5,0.0,0.0,24.65,34.5,0.0,0.0,0.0,0.0,3.0,1002.3499999999999,1000.05,100.0,0.0,0.5,100.0,0.07500000000000001,1.23,27.2,210.0,16.2,32.0,208.0,29.4,28.5,23.8,18.6,0.353,0.37,0.401,0.303,0.0,0.0,0.0,0.0,0.0,0.0,0.0,0.0,0.0,0.0
2024-07-05 15:00:00,45478.0,0.625,22.2,68.7,2182,阴~多云,PID,30.5,69.0,0.0,0.0,24.1,33.8,0.0,0.0,0.0,0.0,3.0,1002.3,1000.0,100.0,0.0,0.0,100.0,0.1,1.36,31.7,207.0,19.0,35.6,205.0,29.2,28.5,23.8,18.6,0.353,0.37,0.401,0.303,0.0,0.0,0.0,0.0,0.0,0.0,0.0,0.0,0.0,0.0
2024-07-05 15:30:00,45478.0,0.645833333333333,21.8,68.2,2297,阴~多云,PID,30.6,65.5,0.0,0.0,23.35,33.3,0.0,0.0,0.0,0.0,3.0,1002.0,999.75,100.0,0.0,0.0,100.0,0.12000000000000001,1.52,34.95,204.0,20.5,37.2,201.5,29.049999999999997,28.45,23.8,18.65,0.353,0.3695,0.401,0.303,0.0,0.0,0.0,0.0,0.0,0.0,0.0,0.0,0.0,0.0
2024-07-05 16:00:00,45478.0,0.666666666666667,21.5,67.8,2323,阴~多云,PID,30.7,62.0,0.0,0.0,22.6,32.8,0.0,0.0,0.0,0.0,3.0,1001.7,999.5,100.0,0.0,0.0,100.0,0.14,1.68,38.2,201.0,22.0,38.8,198.0,28.9,28.4,23.8,18.7,0.353,0.369,0.401,0.303,0.0,0.0,0.0,0.0,0.0,0.0,0.0,0.0,0.0,0.0
2024-07-05 16:30:00,45478.0,0.6875,21.2,67.4,2337,阴~多云,PID,30.549999999999997,63.0,0.0,0.0,22.700000000000003,32.8,0.0,0.0,0.0,0.0,3.0,1001.55,999.3,100.0,0.0,0.0,100.0,0.13,1.63,38.0,202.0,21.1,37.45,200.0,28.799999999999997,28.35,23.85,18.7,0.353,0.369,0.401,0.3035,0.0,0.0,0.0,0.0,0.0,0.0,0.0,0.0,0.0,0.0
2024-07-05 17:00:00,45478.0,0.708333333333333,20.9,67.2,2602,阴~多云,PID,30.4,64.0,0.0,0.0,22.8,32.8,0.0,0.0,0.0,0.0,3.0,1001.4,999.1,100.0,0.0,0.0,100.0,0.12,1.58,37.8,203.0,20.2,36.1,202.0,28.7,28.3,23.9,18.7,0.353,0.369,0.401,0.304,0.0,0.0,0.0,0.0,0.0,0.0,0.0,0.0,0.0,0.0
2024-07-05 17:30:00,45478.0,0.729166666666667,20.6,67.0,2528,阴~多云,PID,30.2,65.5,0.0,0.0,23.05,32.9,0.0,0.0,0.0,0.0,3.0,1001.3499999999999,999.05,100.0,0.0,0.0,100.0,0.11,1.4849999999999999,36.2,207.5,19.299999999999997,34.8,206.5,28.6,28.3,23.9,18.7,0.353,0.369,0.401,0.304,0.0,0.0,0.0,0.0,0.0,0.0,0.0,0.0,0.0,0.0
2024-07-05 18:00:00,45478.0,0.75,21.4,67.3,2510,阴~多云,PID,30.0,67.0,0.0,0.0,23.3,33.0,0.0,0.0,0.0,0.0,3.0,1001.3,999.0,100.0,0.0,0.0,100.0,0.1,1.39,34.6,212.0,18.4,33.5,211.0,28.5,28.3,23.9,18.7,0.353,0.369,0.401,0.304,0.0,0.0,0.0,0.0,0.0,0.0,0.0,0.0,0.0,0.0
2024-07-05 18:30:00,45478.0,0.770833333333333,21.2,67.3,2425,阴~多云,PID,29.75,69.0,0.0,0.0,23.5,32.95,0.0,0.0,0.0,0.0,3.0,1001.3,999.0,100.0,0.0,0.0,100.0,0.09,1.295,33.3,214.0,17.9,32.5,212.5,28.4,28.25,23.9,18.7,0.353,0.369,0.401,0.304,0.0,0.0,0.0,0.0,0.0,0.0,0.0,0.0,0.0,0.0
2024-07-05 19:00:00,45478.0,0.791666666666667,21.5,67.6,2315,阴~多云,PID,29.5,71.0,0.0,0.0,23.7,32.9,0.0,0.0,0.0,0.0,3.0,1001.3,999.0,100.0,0.0,0.0,100.0,0.08,1.2,32.0,216.0,17.4,31.5,214.0,28.3,28.2,23.9,18.7,0.353,0.369,0.401,0.304,0.0,0.0,0.0,0.0,0.0,0.0,0.0,0.0,0.0,0.0
2024-07-05 19:30:00,45478.0,0.8125,21.4,67.8,2357,阴~多云,PID,29.25,72.5,0.0,0.0,23.799999999999997,32.7,0.0,0.0,0.0,0.0,3.0,1001.3,999.0,97.0,0.0,0.0,97.0,0.07500000000000001,1.12,31.1,215.0,17.5,31.85,212.5,28.200000000000003,28.15,23.9,18.7,0.353,0.3685,0.4005,0.304,0.0,0.0,0.0,0.0,0.0,0.0,0.0,0.0,0.0,0.0
2024-07-05 20:00:00,45478.0,0.833333333333333,20.4,67.8,2309,阴~多云,PID,29.0,74.0,0.0,0.0,23.9,32.5,0.0,0.0,0.0,0.0,3.0,1001.3,999.0,94.0,0.0,0.0,94.0,0.07,1.04,30.2,214.0,17.6,32.2,211.0,28.1,28.1,23.9,18.7,0.353,0.368,0.4,0.304,0.0,0.0,0.0,0.0,0.0,0.0,0.0,0.0,0.0,0.0
2024-07-05 20:30:00,45478.0,0.854166666666667,20.4,68.3,2424,阴~多云,PID,29.0,74.0,0.0,0.0,23.9,32.3,0.0,0.0,0.0,0.0,3.0,1001.3499999999999,999.05,97.0,0.0,0.0,97.0,0.07500000000000001,1.045,32.75,212.5,19.0,34.1,208.5,28.05,28.05,23.9,18.7,0.353,0.368,0.4,0.304,0.0,0.0,0.0,0.0,0.0,0.0,0.0,0.0,0.0,0.0
2024-07-05 21:00:00,45478.0,0.875,19.8,68.6,2287,阴~多云,PID,29.0,74.0,0.0,0.0,23.9,32.1,0.0,0.0,0.0,0.0,3.0,1001.4,999.1,100.0,0.0,0.0,100.0,0.08,1.05,35.3,211.0,20.4,36.0,206.0,28.0,28.0,23.9,18.7,0.353,0.368,0.4,0.304,0.0,0.0,0.0,0.0,0.0,0.0,0.0,0.0,0.0,0.0
2024-07-05 21:30:00,45478.0,0.895833333333333,19.9,69.1,2240,阴~多云,PID,29.05,74.0,1.0,12.5,24.0,32.3,0.0,0.0,0.0,0.0,3.0,1001.95,999.6500000000001,100.0,0.0,0.0,100.0,0.09,1.04,35.65,214.5,19.799999999999997,34.8,210.0,27.95,27.95,23.9,18.7,0.353,0.368,0.4,0.304,13.5,8.2,13.5,51.65,113.75000000000001,19.0,11.5,27.55,2.2,29.749999999999996
2024-07-05 22:00:00,45478.0,0.916666666666667,20,69.8,2205,阴~多云,PID,29.1,74.0,2.0,25.0,24.1,32.5,0.0,0.0,0.0,0.0,3.0,1002.5,1000.2,100.0,0.0,0.0,100.0,0.1,1.03,36.0,218.0,19.2,33.6,214.0,27.9,27.9,23.9,18.7,0.353,0.368,0.4,0.304,27.0,16.4,27.0,103.3,227.5,38.0,23.0,55.1,4.4,59.5
2024-07-05 22:30:00,45478.0,0.9375,20.1,70.4,2320,阴~多云,PID,29.4,74.0,23.0,61.5,24.35,32.75,0.0,0.0,0.0,0.0,3.0,1002.75,1000.45,100.0,0.0,0.0,100.0,0.135,1.05,36.35,215.5,20.4,34.45,212.0,28.0,27.85,23.95,18.7,0.3525,0.368,0.4,0.304,84.5,88.5,84.5,232.84999999999997,361.95,116.25,121.5,94.65,32.35,127.0
2024-07-05 23:00:00,45478.0,0.958333333333333,20.3,71.1,2345,阴~多云,PID,29.7,74.0,44.0,98.0,24.6,33.0,0.0,0.0,0.0,0.0,3.0,1003.0,1000.7,100.0,0.0,0.0,100.0,0.17,1.07,36.7,213.0,21.6,35.3,210.0,28.1,27.8,24.0,18.7,0.352,0.368,0.4,0.304,142.0,160.6,142.0,362.4,496.4,194.5,220.0,134.2,60.3,194.5
2024-07-05 23:30:00,45478.0,0.979166666666667,20.5,71.9,2257,阴~多云,PID,30.049999999999997,74.0,65.0,140.5,24.950000000000003,33.7,0.0,0.0,0.0,0.0,3.0,1003.3,1001.0,100.0,0.0,0.0,100.0,0.20500000000000002,1.0950000000000002,37.45,214.0,21.0,33.8,211.0,28.35,27.8,24.0,18.7,0.3515,0.3675,0.4,0.304,205.5,171.3,205.5,493.75,623.15,258.6,219.15,176.85,81.75,258.6
2024-07-06 00:00:00,45479.0,0.0,18.9,71.0,2142,小雨~阴,PID,30.4,74.0,86.0,183.0,25.3,34.4,0.0,0.0,0.0,0.0,3.0,1003.6,1001.3,100.0,0.0,0.0,100.0,0.24,1.12,38.2,215.0,20.4,32.3,212.0,28.6,27.8,24.0,18.7,0.351,0.367,0.4,0.304,269.0,182.0,269.0,625.1,749.9,322.7,218.3,219.5,103.2,322.7
2024-07-06 00:30:00,45479.0,0.0208333333333333,18.9,71.4,2164,小雨~阴,PID,31.2,71.5,166.0,192.5,25.5,35.3,0.0,0.0,0.0,0.0,2.0,1003.55,1001.3,66.0,0.0,0.0,66.0,0.31,1.2850000000000001,36.900000000000006,211.5,20.4,31.049999999999997,209.0,29.450000000000003,27.8,24.0,18.7,0.352,0.3675,0.4005,0.304,358.5,279.4,358.5,744.4000000000001,860.35,413.1,320.9,223.25,189.85000000000002,413.1
2024-07-06 01:00:00,45479.0,0.0416666666666667,18.8,71.9,2207,小雨~阴,PID,32.0,69.0,246.0,202.0,25.7,36.2,0.0,0.0,0.0,0.0,1.0,1003.5,1001.3,32.0,0.0,0.0,32.0,0.38,1.45,35.6,208.0,20.4,29.8,206.0,30.3,27.8,24.0,18.7,0.353,0.368,0.401,0.304,448.0,376.8,448.0,863.7,970.8,503.5,423.5,227.0,276.5,503.5
2024-07-06 01:30:00,45479.0,0.0625,18.9,72.4,2206,小雨~阴,PID,32.45,67.5,365.0,196.0,25.7,36.55,0.0,0.0,0.0,0.0,1.0,1003.55,1001.3499999999999,38.5,0.0,0.0,38.5,0.46,1.575,39.95,210.0,22.799999999999997,32.7,208.5,30.65,27.9,24.0,18.7,0.352,0.3675,0.401,0.304,561.0,489.90000000000003,561.0,962.8000000000001,1057.4,614.8,536.6,215.85,398.95,614.8
2024-07-06 02:00:00,45479.0,0.0833333333333333,19,73.0,2234,小雨~阴,PID,32.9,66.0,484.0,190.0,25.7,36.9,0.0,0.0,0.0,0.0,1.0,1003.6,1001.4,45.0,0.0,0.0,45.0,0.54,1.7,44.3,212.0,25.2,35.6,211.0,31.0,28.0,24.0,18.7,0.351,0.367,0.401,0.304,674.0,603.0,674.0,1061.9,1144.0,726.1,649.7,204.7,521.4,726.1
2024-07-06 02:30:00,45479.0,0.104166666666667,19.1,73.7,2249,小雨~阴,PID,33.15,65.5,481.0,226.0,25.75,37.349999999999994,0.0,0.0,0.0,0.0,2.0,1003.6,1001.4,72.0,0.0,0.0,72.0,0.565,1.76,45.2,211.5,25.65,36.05,210.5,31.3,28.05,24.0,18.7,0.3495,0.3665,0.4005,0.304,707.0,563.65,707.0,1134.0500000000002,1200.85,748.85,598.2,238.95,509.9,748.85
2024-07-06 03:00:00,45479.0,0.125,19.3,74.4,2321,小雨~阴,PID,33.4,65.0,478.0,262.0,25.8,37.8,0.0,0.0,0.0,0.0,3.0,1003.6,1001.4,99.0,0.0,0.0,99.0,0.59,1.82,46.1,211.0,26.1,36.5,210.0,31.6,28.1,24.0,18.7,0.348,0.366,0.4,0.304,740.0,524.3,740.0,1206.2,1257.7,771.6,546.7,273.2,498.4,771.6
2024-07-06 03:30:00,45479.0,0.145833333333333,19.5,75.1,2342,小雨~阴,PID,33.5,65.0,433.0,291.5,25.9,37.9,0.0,0.0,0.0,0.0,3.0,1003.5,1001.3,97.5,1.0,0.0,97.5,0.585,1.83,46.1,213.0,26.05,36.6,212.0,31.8,28.200000000000003,24.0,18.7,0.347,0.3655,0.4,0.304,724.5,461.65,724.5,1246.5,1280.95,745.1,475.55,299.25,445.85,745.1
2024-07-06 04:00:00,45479.0,0.166666666666667,19.7,75.8,2335,小雨~阴,PID,33.6,65.0,388.0,321.0,26.0,38.0,0.0,0.0,0.0,0.0,3.0,1003.4,1001.2,96.0,2.0,0.0,96.0,0.58,1.84,46.1,215.0,26.0,36.7,214.0,32.0,28.3,24.0,18.7,0.346,0.365,0.4,0.304,709.0,399.0,709.0,1286.8,1304.2,718.6,404.4,325.3,393.3,718.6
2024-07-06 04:30:00,45479.0,0.1875,20,76.6,2321,小雨~阴,PID,33.8,63.0,409.5,333.5,25.75,38.05,0.0,0.0,0.0,0.0,2.5,1003.2,1001.0,87.0,4.5,5.5,85.0,0.61,1.945,46.8,219.0,26.65,37.45,218.0,32.2,28.4,24.0,18.7,0.34450000000000003,0.364,0.4,0.304,743.0,419.15,743.0,1292.4499999999998,1292.2,742.45,418.84999999999997,333.25,409.20000000000005,742.45
2024-07-06 05:00:00,45479.0,0.208333333333333,20.3,77.3,2239,小雨~阴,PID,34.0,61.0,431.0,346.0,25.5,38.1,0.0,0.0,0.0,0.0,2.0,1003.0,1000.8,78.0,7.0,11.0,74.0,0.64,2.05,47.5,223.0,27.3,38.2,222.0,32.4,28.5,24.0,18.7,0.343,0.363,0.4,0.304,777.0,439.3,777.0,1298.1,1280.2,766.3,433.3,341.2,425.1,766.3
2024-07-06 05:30:00,45479.0,0.229166666666667,20.6,78.0,2355,小雨~阴,PID,33.9,61.5,428.0,300.5,25.45,38.0,0.0,0.0,0.0,0.0,2.5,1002.85,1000.65,89.0,10.5,11.0,87.0,0.61,2.035,47.35,225.0,25.9,36.3,224.5,32.45,28.6,24.05,18.7,0.3415,0.3625,0.3995,0.304,728.5,446.5,728.5,1268.6999999999998,1233.8000000000002,708.9,434.0,292.75,416.15,708.9
2024-07-06 06:00:00,45479.0,0.25,20.9,78.7,2374,小雨~阴,PID,33.8,62.0,425.0,255.0,25.4,37.9,0.0,0.0,0.0,0.0,3.0,1002.7,1000.5,100.0,14.0,11.0,100.0,0.58,2.02,47.2,227.0,24.5,34.4,227.0,32.5,28.7,24.1,18.7,0.34,0.362,0.399,0.304,680.0,453.7,680.0,1239.3,1187.4,651.5,434.7,244.3,407.2,651.5
2024-07-06 06:30:00,45479.0,0.270833333333333,21.2,79.3,2456,小雨~阴,PID,33.8,62.5,390.0,250.0,25.549999999999997,37.95,0.0,0.0,0.0,0.0,3.0,1002.45,1000.25,100.0,14.5,13.0,100.0,0.55,1.995,44.650000000000006,228.0,23.35,33.15,228.5,32.5,28.75,24.1,18.7,0.339,0.3615,0.399,0.304,640.0,437.54999999999995,640.0,1176.9499999999998,1109.75,603.55,412.45,235.60000000000002,367.95,603.55
2024-07-06 07:00:00,45479.0,0.291666666666667,21.6,79.9,2378,小雨~阴,PID,33.8,63.0,355.0,245.0,25.7,38.0,0.0,0.0,0.0,0.0,3.0,1002.2,1000.0,100.0,15.0,15.0,100.0,0.52,1.97,42.1,229.0,22.2,31.9,230.0,32.5,28.8,24.1,18.7,0.338,0.361,0.399,0.304,600.0,421.4,600.0,1114.6,1032.1,555.6,390.2,226.9,328.7,555.6
2024-07-06 07:30:00,45479.0,0.3125,21.9,80.0,2486,小雨~阴,PID,33.65,64.5,262.0,244.5,26.0,38.2,0.0,0.0,0.0,0.0,3.0,1002.1,999.9,100.0,9.5,13.5,100.0,0.45,1.865,40.3,227.0,20.4,30.2,227.0,32.35,28.9,24.1,18.7,0.3375,0.3605,0.399,0.304,506.5,330.6,506.5,1023.4499999999999,928.55,460.5,301.2,221.4,239.1,460.5
2024-07-06 08:00:00,45479.0,0.333333333333333,22.9,80.0,2261,小雨~阴,PID,33.5,66.0,169.0,244.0,26.3,38.4,0.0,0.0,0.0,0.0,3.0,1002.0,999.8,100.0,4.0,12.0,100.0,0.38,1.76,38.5,225.0,18.6,28.5,224.0,32.2,29.0,24.1,18.7,0.337,0.36,0.399,0.304,413.0,239.8,413.0,932.3,825.0,365.4,212.2,215.9,149.5,365.4
2024-07-06 08:30:00,45479.0,0.354166666666667,23.2,80.0,2360,小雨~阴,PID,33.3,67.0,138.5,211.0,26.35,38.4,0.0,0.0,0.0,0.0,3.0,1002.0,999.8,100.0,2.0,7.5,100.0,0.33,1.69,34.9,224.0,17.6,27.85,223.0,32.0,29.05,24.1,18.7,0.3365,0.3595,0.399,0.304,349.5,221.25,349.5,818.6,702.5,300.35,189.5,181.15,119.2,300.35
2024-07-06 09:00:00,45479.0,0.375,24,80.0,2343,小雨~阴,PID,33.1,68.0,108.0,178.0,26.4,38.4,0.0,0.0,0.0,0.0,3.0,1002.0,999.8,100.0,0.0,3.0,100.0,0.28,1.62,31.3,223.0,16.6,27.2,222.0,31.8,29.1,24.1,18.7,0.336,0.359,0.399,0.304,286.0,202.7,286.0,704.9,580.0,235.3,166.8,146.4,88.9,235.3
2024-07-06 09:30:00,45479.0,0.395833333333333,24.3,80.0,2211,小雨~阴,PID,32.650000000000006,69.0,69.5,152.0,26.15,37.8,0.0,0.0,0.0,0.0,3.0,1001.95,999.75,100.0,0.0,3.0,100.0,0.23500000000000001,1.54,29.85,221.5,16.4,28.049999999999997,219.5,31.55,29.1,24.1,18.7,0.3355,0.359,0.3985,0.304,221.5,147.14999999999998,221.5,576.4,446.9,172.65,115.5,117.35000000000001,55.300000000000004,172.65
2024-07-06 10:00:00,45479.0,0.416666666666667,23.8,80.0,2302,小雨~阴,PID,32.2,70.0,31.0,126.0,25.9,37.2,0.0,0.0,0.0,0.0,3.0,1001.9,999.7,100.0,0.0,3.0,100.0,0.19,1.46,28.4,220.0,16.2,28.9,217.0,31.3,29.1,24.1,18.7,0.335,0.359,0.398,0.304,157.0,91.6,157.0,447.9,313.8,110.0,64.2,88.3,21.7,110.0
2024-07-06 10:30:00,45479.0,0.4375,24,80.0,2293,小雨~阴,PID,31.75,70.5,24.0,84.0,25.65,36.7,0.0,0.0,0.0,0.0,3.0,1002.15,999.95,100.0,0.0,1.5,100.0,0.15,1.4,28.049999999999997,219.0,15.399999999999999,28.4,215.0,30.950000000000003,29.15,24.15,18.7,0.335,0.3585,0.398,0.304,108.0,100.75,108.0,313.35,179.25,61.45,44.1,49.4,13.0,62.4
2024-07-06 11:00:00,45479.0,0.458333333333333,23.6,80.0,2446,小雨~阴,PID,31.3,71.0,17.0,42.0,25.4,36.2,0.0,0.0,0.0,0.0,3.0,1002.4,1000.2,100.0,0.0,0.0,100.0,0.11,1.34,27.7,218.0,14.6,27.9,213.0,30.6,29.2,24.2,18.7,0.335,0.358,0.398,0.304,59.0,109.9,59.0,178.8,44.7,12.9,24.0,10.5,4.3,14.8
2024-07-06 11:30:00,45479.0,0.479166666666667,23.7,80.0,2444,小雨~阴,PID,31.05,71.5,8.5,21.5,25.25,35.85,0.0,0.0,0.0,0.0,3.0,1002.7,1000.45,100.0,0.0,1.0,100.0,0.1,1.3,26.45,217.0,14.55,28.0,211.5,30.35,29.15,24.2,18.7,0.335,0.358,0.398,0.304,30.0,54.95,30.0,95.7,22.35,6.45,12.0,5.25,2.15,7.400000000000001
2024-07-06 12:00:00,45479.0,0.5,24.5,80.0,2457,小雨~阴,PID,30.8,72.0,0.0,1.0,25.1,35.5,0.0,0.0,0.0,0.0,3.0,1003.0,1000.7,100.0,0.0,2.0,100.0,0.09,1.26,25.2,216.0,14.5,28.1,210.0,30.1,29.1,24.2,18.7,0.335,0.358,0.398,0.304,1.0,0.0,1.0,12.6,0.0,0.0,0.0,0.0,0.0,0.0
2024-07-06 12:30:00,45479.0,0.520833333333333,24.5,80.0,2393,小雨~阴,PID,30.65,72.5,0.0,0.5,25.15,35.6,0.0,0.0,0.0,0.0,3.0,1003.4,1001.1,99.0,0.0,3.0,99.0,0.07,1.2149999999999999,23.4,215.5,12.9,26.1,208.5,30.4,29.1,24.2,18.75,0.3345,0.358,0.3985,0.304,0.5,0.0,0.5,6.3,0.0,0.0,0.0,0.0,0.0,0.0
2024-07-06 13:00:00,45479.0,0.541666666666667,25,80.0,2314,小雨~阴,PID,30.5,73.0,0.0,0.0,25.2,35.7,0.0,0.0,0.0,0.0,3.0,1003.8,1001.5,98.0,0.0,4.0,98.0,0.05,1.17,21.6,215.0,11.3,24.1,207.0,30.7,29.1,24.2,18.8,0.334,0.358,0.399,0.304,0.0,0.0,0.0,0.0,0.0,0.0,0.0,0.0,0.0,0.0
2024-07-06 13:30:00,45479.0,0.5625,24.9,79.5,2366,小雨~阴,PID,30.1,75.5,0.0,0.0,25.4,35.6,0.0,0.0,0.0,0.0,1.5,1003.8499999999999,1001.55,57.5,0.0,2.5,56.5,0.04,1.035,20.5,208.0,10.4,22.9,199.0,30.35,29.1,24.2,18.8,0.334,0.358,0.399,0.3045,0.0,0.0,0.0,0.0,0.0,0.0,0.0,0.0,0.0,0.0
2024-07-06 14:00:00,45479.0,0.583333333333333,24.2,78.7,2311,小雨~阴,PID,29.7,78.0,0.0,0.0,25.6,35.5,0.0,0.0,0.0,0.0,0.0,1003.9,1001.6,17.0,0.0,1.0,15.0,0.03,0.9,19.4,201.0,9.5,21.7,191.0,30.0,29.1,24.2,18.8,0.334,0.358,0.399,0.305,0.0,0.0,0.0,0.0,0.0,0.0,0.0,0.0,0.0,0.0
2024-07-06 14:30:00,45479.0,0.604166666666667,24,78.0,2348,小雨~阴,PID,29.45,79.5,0.0,0.0,25.65,35.25,0.0,0.0,0.0,0.0,1.0,1004.05,1001.75,47.0,0.0,0.5,46.0,0.025,0.825,18.0,203.0,9.65,22.2,194.0,29.7,29.05,24.2,18.8,0.3345,0.358,0.399,0.305,0.0,0.0,0.0,0.0,0.0,0.0,0.0,0.0,0.0,0.0
2024-07-06 15:00:00,45479.0,0.625,23.3,77.2,2312,小雨~阴,PID,29.2,81.0,0.0,0.0,25.7,35.0,0.0,0.0,0.0,0.0,2.0,1004.2,1001.9,77.0,0.0,0.0,77.0,0.02,0.75,16.6,205.0,9.8,22.7,197.0,29.4,29.0,24.2,18.8,0.335,0.358,0.399,0.305,0.0,0.0,0.0,0.0,0.0,0.0,0.0,0.0,0.0,0.0
2024-07-06 15:30:00,45479.0,0.645833333333333,23.1,76.4,2291,小雨~阴,PID,29.2,80.0,0.0,0.0,25.5,34.7,0.0,0.0,0.0,0.0,2.5,1004.4000000000001,1002.0999999999999,85.5,0.0,0.0,85.5,0.03,0.7949999999999999,18.75,207.0,10.95,24.15,200.0,29.2,28.95,24.25,18.8,0.335,0.358,0.399,0.305,0.0,0.0,0.0,0.0,0.0,0.0,0.0,0.0,0.0,0.0
2024-07-06 16:00:00,45479.0,0.666666666666667,22.8,75.7,2321,小雨~阴,PID,29.2,79.0,0.0,0.0,25.3,34.4,0.0,0.0,0.0,0.0,3.0,1004.6,1002.3,94.0,0.0,0.0,94.0,0.04,0.84,20.9,209.0,12.1,25.6,203.0,29.0,28.9,24.3,18.8,0.335,0.358,0.399,0.305,0.0,0.0,0.0,0.0,0.0,0.0,0.0,0.0,0.0,0.0
2024-07-06 16:30:00,45479.0,0.6875,22.6,75.0,2370,小雨~阴,PID,29.2,77.5,0.0,0.0,24.950000000000003,34.05,0.0,0.0,0.0,0.0,2.0,1004.25,1001.95,64.0,0.0,1.0,63.5,0.045,0.9,21.95,209.5,12.75,26.35,203.5,28.85,28.85,24.3,18.8,0.335,0.358,0.399,0.305,0.0,0.0,0.0,0.0,0.0,0.0,0.0,0.0,0.0,0.0
2024-07-06 17:00:00,45479.0,0.708333333333333,22.3,74.3,2497,小雨~阴,PID,29.2,76.0,0.0,0.0,24.6,33.7,0.0,0.0,0.0,0.0,1.0,1003.9,1001.6,34.0,0.0,2.0,33.0,0.05,0.96,23.0,210.0,13.4,27.1,204.0,28.7,28.8,24.3,18.8,0.335,0.358,0.399,0.305,0.0,0.0,0.0,0.0,0.0,0.0,0.0,0.0,0.0,0.0
2024-07-06 17:30:00,45479.0,0.729166666666667,21.9,73.5,2420,小雨~阴,PID,29.049999999999997,75.5,0.0,0.0,24.35,33.35,0.0,0.0,0.0,0.0,1.0,1003.65,1001.35,33.5,0.0,2.0,32.5,0.05,0.975,24.1,211.0,13.8,27.55,205.5,28.6,28.75,24.3,18.8,0.335,0.3575,0.399,0.305,0.0,0.0,0.0,0.0,0.0,0.0,0.0,0.0,0.0,0.0
2024-07-06 18:00:00,45479.0,0.75,22.2,73.1,2497,小雨~阴,PID,28.9,75.0,0.0,0.0,24.1,33.0,0.0,0.0,0.0,0.0,1.0,1003.4,1001.1,33.0,0.0,2.0,32.0,0.05,0.99,25.2,212.0,14.2,28.0,207.0,28.5,28.7,24.3,18.8,0.335,0.357,0.399,0.305,0.0,0.0,0.0,0.0,0.0,0.0,0.0,0.0,0.0,0.0
2024-07-06 18:30:00,45479.0,0.770833333333333,21.9,72.5,2459,小雨~阴,PID,28.75,76.0,0.0,0.0,24.1,32.95,0.0,0.0,0.0,0.0,1.0,1003.4,1001.1,31.0,0.0,1.0,30.5,0.045,0.95,25.0,213.5,13.399999999999999,26.95,207.0,28.35,28.65,24.3,18.8,0.335,0.357,0.3985,0.305,0.0,0.0,0.0,0.0,0.0,0.0,0.0,0.0,0.0,0.0
2024-07-06 19:00:00,45479.0,0.791666666666667,22.1,72.1,2218,小雨~阴,PID,28.6,77.0,0.0,0.0,24.1,32.9,0.0,0.0,0.0,0.0,1.0,1003.4,1001.1,29.0,0.0,0.0,29.0,0.04,0.91,24.8,215.0,12.6,25.9,207.0,28.2,28.6,24.3,18.8,0.335,0.357,0.398,0.305,0.0,0.0,0.0,0.0,0.0,0.0,0.0,0.0,0.0,0.0
2024-07-06 19:30:00,45479.0,0.8125,21.8,71.7,2309,小雨~阴,PID,28.450000000000003,77.5,0.0,0.0,24.1,32.8,0.0,0.0,0.0,0.0,1.0,1003.5,1001.2,37.5,0.0,0.0,37.5,0.04,0.875,23.55,215.0,12.35,25.65,207.0,28.1,28.5,24.3,18.8,0.3355,0.357,0.398,0.305,0.0,0.0,0.0,0.0,0.0,0.0,0.0,0.0,0.0,0.0
2024-07-06 20:00:00,45479.0,0.833333333333333,20.9,71.1,2361,小雨~阴,PID,28.3,78.0,0.0,0.0,24.1,32.7,0.0,0.0,0.0,0.0,1.0,1003.6,1001.3,46.0,0.0,0.0,46.0,0.04,0.84,22.3,215.0,12.1,25.4,207.0,28.0,28.4,24.3,18.8,0.336,0.357,0.398,0.305,0.0,0.0,0.0,0.0,0.0,0.0,0.0,0.0,0.0,0.0
2024-07-06 20:30:00,45479.0,0.854166666666667,20.6,70.9,2260,小雨~阴,PID,28.200000000000003,78.0,0.0,0.0,24.05,32.45,0.0,0.0,0.0,0.0,1.5,1003.75,1001.45,62.5,0.0,0.0,62.5,0.04,0.835,23.05,212.0,12.75,26.299999999999997,203.5,27.9,28.35,24.3,18.8,0.336,0.357,0.398,0.305,0.0,0.0,0.0,0.0,0.0,0.0,0.0,0.0,0.0,0.0
2024-07-06 21:00:00,45479.0,0.875,19.7,70.5,2308,小雨~阴,PID,28.1,78.0,0.0,0.0,24.0,32.2,0.0,0.0,0.0,0.0,2.0,1003.9,1001.6,79.0,0.0,0.0,79.0,0.04,0.83,23.8,209.0,13.4,27.2,200.0,27.8,28.3,24.3,18.8,0.336,0.357,0.398,0.305,0.0,0.0,0.0,0.0,0.0,0.0,0.0,0.0,0.0,0.0
2024-07-06 21:30:00,45479.0,0.895833333333333,19.5,70.4,2361,小雨~阴,PID,28.15,78.5,3.0,11.5,24.1,32.35,0.0,0.0,0.0,0.0,2.5,1004.15,1001.85,85.0,0.0,0.0,85.0,0.05,0.8200000000000001,23.8,211.0,13.4,26.65,202.0,27.75,28.25,24.3,18.8,0.336,0.357,0.398,0.305,14.5,24.7,14.5,51.15,112.75,20.35,34.65,25.35,6.599999999999999,31.95
2024-07-06 22:00:00,45479.0,0.916666666666667,19.3,70.4,2312,小雨~阴,PID,28.2,79.0,6.0,23.0,24.2,32.5,0.0,0.0,0.0,0.0,3.0,1004.4,1002.1,91.0,0.0,0.0,91.0,0.06,0.81,23.8,213.0,13.4,26.1,204.0,27.7,28.2,24.3,18.8,0.336,0.357,0.398,0.305,29.0,49.4,29.0,102.3,225.5,40.7,69.3,50.7,13.2,63.9
2024-07-06 22:30:00,45479.0,0.9375,19.1,70.5,2181,小雨~阴,PID,28.7,78.5,36.5,54.5,24.549999999999997,33.1,0.0,0.0,0.0,0.0,3.0,1004.5,1002.2,95.5,0.0,0.0,95.5,0.1,0.8500000000000001,24.5,212.5,13.95,26.15,203.5,27.85,28.15,24.35,18.8,0.336,0.3565,0.398,0.305,91.0,147.65,91.0,231.45,360.05,125.3,203.3,84.35,52.55,136.9
2024-07-06 23:00:00,45479.0,0.958333333333333,19,70.7,2256,小雨~阴,PID,29.2,78.0,67.0,86.0,24.9,33.7,0.0,0.0,0.0,0.0,3.0,1004.6,1002.3,100.0,0.0,0.0,100.0,0.14,0.89,25.2,212.0,14.5,26.2,203.0,28.0,28.1,24.4,18.8,0.336,0.356,0.398,0.305,153.0,245.9,153.0,360.6,494.6,209.9,337.3,118.0,91.9,209.9
2024-07-06 23:30:00,45479.0,0.979166666666667,18.9,71.0,2232,小雨~阴,PID,29.75,76.5,102.5,123.5,25.15,34.45,0.0,0.0,0.0,0.0,3.0,1004.8,1002.5,100.0,0.0,0.0,100.0,0.195,0.98,25.0,207.0,14.15,24.0,199.0,28.35,28.05,24.4,18.8,0.3355,0.356,0.398,0.305,226.0,269.35,226.0,492.05,621.5,284.4,344.40000000000003,155.65,128.75,284.4
2024-07-07 00:00:00,45480.0,0.0,20.7,62.9,2254,多云~晴,PID,30.3,75.0,138.0,161.0,25.4,35.2,0.0,0.0,0.0,0.0,3.0,1005.0,1002.7,100.0,0.0,0.0,100.0,0.25,1.07,24.8,202.0,13.8,21.8,195.0,28.7,28.0,24.4,18.8,0.335,0.356,0.398,0.305,299.0,292.8,299.0,623.5,748.4,358.9,351.5,193.3,165.6,358.9
2024-07-07 00:30:00,45480.0,0.0208333333333333,20.6,63.0,2200,多云~晴,PID,31.1,71.5,232.5,168.5,25.299999999999997,35.75,0.0,0.0,0.0,0.0,3.0,1004.7,1002.45,100.0,0.0,0.0,100.0,0.32999999999999996,1.2950000000000002,27.9,201.5,15.450000000000001,23.05,196.5,29.7,28.1,24.4,18.8,0.3325,0.3545,0.396,0.305,401.0,397.25,401.0,742.95,859.0,462.2,457.8,195.60000000000002,266.65,462.2
2024-07-07 01:00:00,45480.0,0.0416666666666667,20.4,63.1,2171,多云~晴,PID,31.9,68.0,327.0,176.0,25.2,36.3,0.0,0.0,0.0,0.0,3.0,1004.4,1002.2,100.0,0.0,0.0,100.0,0.41,1.52,31.0,201.0,17.1,24.3,198.0,30.7,28.2,24.4,18.8,0.33,0.353,0.394,0.305,503.0,501.7,503.0,862.4,969.6,565.5,564.1,197.9,367.7,565.5
2024-07-07 01:30:00,45480.0,0.0625,20.3,63.4,2261,多云~晴,PID,32.45,66.0,375.0,202.0,25.299999999999997,37.099999999999994,0.0,0.0,0.0,0.0,3.0,1004.4,1002.2,100.0,0.0,0.0,100.0,0.47,1.655,31.9,202.5,17.5,24.55,200.0,31.0,28.25,24.4,18.8,0.329,0.3525,0.394,0.305,577.0,514.65,577.0,961.6500000000001,1056.35,633.5,566.3,221.8,411.75,633.5
2024-07-07 02:00:00,45480.0,0.0833333333333333,20.3,63.8,2152,多云~晴,PID,33.0,64.0,423.0,228.0,25.4,37.9,0.0,0.0,0.0,0.0,3.0,1004.4,1002.2,100.0,0.0,0.0,100.0,0.53,1.79,32.8,204.0,17.9,24.8,202.0,31.3,28.3,24.4,18.8,0.328,0.352,0.394,0.305,651.0,527.6,651.0,1060.9,1143.1,701.5,568.5,245.7,455.8,701.5
2024-07-07 02:30:00,45480.0,0.104166666666667,20.3,64.3,2154,多云~晴,PID,33.35,63.0,406.5,270.0,25.45,38.25,0.0,0.0,0.0,0.0,2.0,1004.45,1002.25,72.0,0.0,0.0,72.0,0.5549999999999999,1.88,34.05,207.0,18.85,25.950000000000003,205.5,31.6,28.35,24.4,18.8,0.327,0.3515,0.394,0.305,676.5,477.85,676.5,1133.15,1200.1,716.8,507.45,285.54999999999995,431.25,716.8
2024-07-07 03:00:00,45480.0,0.125,20.3,64.8,2308,多云~晴,PID,33.7,62.0,390.0,312.0,25.5,38.6,0.0,0.0,0.0,0.0,1.0,1004.5,1002.3,44.0,0.0,0.0,44.0,0.58,1.97,35.3,210.0,19.8,27.1,209.0,31.9,28.4,24.4,18.8,0.326,0.351,0.394,0.305,702.0,428.1,702.0,1205.4,1257.1,732.1,446.4,325.4,406.7,732.1
2024-07-07 03:30:00,45480.0,0.145833333333333,20.4,65.4,2335,多云~晴,PID,34.1,61.5,536.5,251.5,25.65,39.35,0.0,0.0,0.0,0.0,2.0,1004.3,1002.0999999999999,71.0,0.0,0.0,71.0,0.64,2.05,37.45,213.0,20.9,28.75,212.0,32.3,28.5,24.4,18.8,0.3245,0.35,0.3935,0.305,788.0,565.35,788.0,1245.8000000000002,1280.4499999999998,809.0,579.3,259.5,549.5,809.0
2024-07-07 04:00:00,45480.0,0.166666666666667,20.5,66.0,2248,多云~晴,PID,34.5,61.0,683.0,191.0,25.8,40.1,0.0,0.0,0.0,0.0,3.0,1004.1,1001.9,98.0,0.0,0.0,98.0,0.7,2.13,39.6,216.0,22.0,30.4,215.0,32.7,28.6,24.4,18.8,0.323,0.349,0.393,0.305,874.0,702.6,874.0,1286.2,1303.8,885.9,712.2,193.6,692.3,885.9
2024-07-07 04:30:00,45480.0,0.1875,20.6,66.7,2291,多云~晴,PID,34.65,60.5,657.0,211.5,25.8,40.05,0.0,0.0,0.0,0.0,2.5,1003.85,1001.65,85.0,0.0,0.0,85.0,0.705,2.1799999999999997,41.05,214.5,23.0,31.9,214.0,32.95,28.700000000000003,24.4,18.8,0.322,0.3485,0.393,0.305,868.5,672.95,868.5,1291.95,1291.9,868.55,673.35,211.2,657.3499999999999,868.55
2024-07-07 05:00:00,45480.0,0.208333333333333,20.8,67.4,2289,多云~晴,PID,34.8,60.0,631.0,232.0,25.8,40.0,0.0,0.0,0.0,0.0,2.0,1003.6,1001.4,72.0,0.0,0.0,72.0,0.71,2.23,42.5,213.0,24.0,33.4,213.0,33.2,28.8,24.4,18.8,0.321,0.348,0.393,0.305,863.0,643.3,863.0,1297.7,1280.0,851.2,634.5,228.8,622.4,851.2
2024-07-07 05:30:00,45480.0,0.229166666666667,21.1,68.2,2333,多云~晴,PID,34.849999999999994,59.5,611.5,227.5,25.75,39.95,0.0,0.0,0.0,0.0,2.5,1003.4000000000001,1001.2,77.5,0.0,0.0,77.5,0.6950000000000001,2.2600000000000002,42.5,213.0,24.0,33.45,213.0,33.3,28.9,24.45,18.8,0.3195,0.347,0.393,0.305,839.0,637.7,839.0,1268.45,1233.65,816.05,620.05,221.25,594.8,816.05
2024-07-07 06:00:00,45480.0,0.25,21.3,68.9,2365,多云~晴,PID,34.9,59.0,592.0,223.0,25.7,39.9,0.0,0.0,0.0,0.0,3.0,1003.2,1001.0,83.0,0.0,0.0,83.0,0.68,2.29,42.5,213.0,24.0,33.5,213.0,33.4,29.0,24.5,18.8,0.318,0.346,0.393,0.305,815.0,632.1,815.0,1239.2,1187.3,780.9,605.6,213.7,567.2,780.9
2024-07-07 06:30:00,45480.0,0.270833333333333,21.6,69.6,2383,多云~晴,PID,34.849999999999994,59.5,558.5,208.0,25.75,39.75,0.0,0.0,0.0,0.0,2.5,1003.05,1000.85,72.0,0.0,0.0,72.0,0.645,2.265,42.15,214.0,23.25,32.8,214.0,33.45,29.1,24.5,18.8,0.317,0.3455,0.3925,0.305,766.5,627.7,766.5,1176.85,1109.65,722.9,591.4,196.2,526.7,722.9
2024-07-07 07:00:00,45480.0,0.291666666666667,21.9,70.3,2437,多云~晴,PID,34.8,60.0,525.0,193.0,25.8,39.6,0.0,0.0,0.0,0.0,2.0,1002.9,1000.7,61.0,0.0,0.0,61.0,0.61,2.24,41.8,215.0,22.5,32.1,215.0,33.5,29.2,24.5,18.8,0.316,0.345,0.392,0.305,718.0,623.3,718.0,1114.5,1032.0,664.9,577.2,178.7,486.2,664.9
2024-07-07 07:30:00,45480.0,0.3125,22.2,71.0,2526,多云~晴,PID,34.7,60.5,463.0,182.0,25.9,39.400000000000006,0.0,0.0,0.0,0.0,2.5,1002.8,1000.6,70.5,0.0,1.0,70.0,0.5549999999999999,2.1900000000000004,40.5,215.0,20.95,30.55,215.0,33.4,29.299999999999997,24.5,18.8,0.315,0.3445,0.392,0.305,645.0,596.25,645.0,1023.35,928.4,585.5,540.4000000000001,165.0,420.5,585.5
2024-07-07 08:00:00,45480.0,0.333333333333333,23.4,71.9,2234,多云~晴,PID,34.6,61.0,401.0,171.0,26.0,39.2,0.0,0.0,0.0,0.0,3.0,1002.7,1000.5,80.0,0.0,2.0,79.0,0.5,2.14,39.2,215.0,19.4,29.0,215.0,33.3,29.4,24.5,18.8,0.314,0.344,0.392,0.305,572.0,569.2,572.0,932.2,824.8,506.1,503.6,151.3,354.8,506.1
2024-07-07 08:30:00,45480.0,0.354166666666667,23.7,72.5,2316,多云~晴,PID,34.2,63.0,305.0,166.0,26.2,39.2,0.0,0.0,0.0,0.0,3.0,1002.6500000000001,1000.45,90.0,0.0,1.0,89.5,0.42000000000000004,1.985,36.150000000000006,211.5,17.65,27.55,210.0,33.05,29.5,24.5,18.85,0.3135,0.3435,0.392,0.305,471.0,480.8,471.0,818.45,702.25,405.25,413.20000000000005,141.85000000000002,263.35,405.25
2024-07-07 09:00:00,45480.0,0.375,24.7,73.2,2334,多云~晴,PID,33.8,65.0,209.0,161.0,26.4,39.2,0.0,0.0,0.0,0.0,3.0,1002.6,1000.4,100.0,0.0,0.0,100.0,0.34,1.83,33.1,208.0,15.9,26.1,205.0,32.8,29.6,24.5,18.9,0.313,0.343,0.392,0.305,370.0,392.4,370.0,704.7,579.7,304.4,322.8,132.4,171.9,304.4
2024-07-07 09:30:00,45480.0,0.395833333333333,25,73.6,2373,多云~晴,PID,33.3,67.0,131.0,144.0,26.299999999999997,38.7,0.0,0.0,0.0,0.0,3.0,1002.45,1000.25,100.0,0.0,0.0,100.0,0.27,1.695,30.25,205.5,15.3,26.6,203.5,32.45,29.65,24.5,18.9,0.3125,0.343,0.3915,0.305,275.0,274.54999999999995,275.0,576.1500000000001,446.55,215.2,216.25,110.65,104.5,215.2
2024-07-07 10:00:00,45480.0,0.416666666666667,24.5,73.7,2337,多云~晴,PID,32.8,69.0,53.0,127.0,26.2,38.2,0.0,0.0,0.0,0.0,3.0,1002.3,1000.1,100.0,0.0,0.0,100.0,0.2,1.56,27.4,203.0,14.7,27.1,202.0,32.1,29.7,24.5,18.9,0.312,0.343,0.391,0.305,180.0,156.7,180.0,447.6,313.4,126.0,109.7,88.9,37.1,126.0
2024-07-07 10:30:00,45480.0,0.4375,24.7,73.9,2258,多云~晴,PID,32.3,69.0,29.0,86.5,25.85,37.5,0.0,0.0,0.0,0.0,3.0,1002.45,1000.25,100.0,0.0,0.0,100.0,0.155,1.5050000000000001,26.299999999999997,205.0,14.35,27.3,202.5,31.700000000000003,29.7,24.55,18.9,0.312,0.3425,0.391,0.305,115.5,94.5,115.5,312.9,178.75,68.5,58.35,50.150000000000006,19.150000000000002,69.3
2024-07-07 11:00:00,45480.0,0.458333333333333,24.4,73.9,2474,多云~晴,PID,31.8,69.0,5.0,46.0,25.5,36.8,0.0,0.0,0.0,0.0,3.0,1002.6,1000.4,100.0,0.0,0.0,100.0,0.11,1.45,25.2,207.0,14.0,27.5,203.0,31.3,29.7,24.6,18.9,0.312,0.342,0.391,0.305,51.0,32.3,51.0,178.2,44.1,11.0,7.0,11.4,1.2,12.6
2024-07-07 11:30:00,45480.0,0.479166666666667,24.7,74.0,2587,多云~晴,PID,31.6,68.5,2.5,23.5,25.15,36.4,0.0,0.0,0.0,0.0,3.0,1002.8,1000.5999999999999,100.0,0.0,0.0,100.0,0.10500000000000001,1.46,24.85,206.5,14.05,27.9,201.0,31.0,29.7,24.6,18.9,0.3125,0.342,0.391,0.305,26.0,16.15,26.0,95.25,22.05,5.5,3.5,5.7,0.6,6.3
2024-07-07 12:00:00,45480.0,0.5,25.5,74.1,2500,多云~晴,PID,31.4,68.0,0.0,1.0,24.8,36.0,0.0,0.0,0.0,0.0,3.0,1003.0,1000.8,100.0,0.0,0.0,100.0,0.1,1.47,24.5,206.0,14.1,28.3,199.0,30.7,29.7,24.6,18.9,0.313,0.342,0.391,0.305,1.0,0.0,1.0,12.3,0.0,0.0,0.0,0.0,0.0,0.0
2024-07-07 12:30:00,45480.0,0.520833333333333,25.7,74.0,2477,多云~晴,PID,31.049999999999997,71.5,0.0,0.5,25.35,36.4,0.0,0.0,0.0,0.0,3.0,1003.15,1000.9,100.0,0.0,0.0,100.0,0.065,1.28,20.55,209.0,11.25,24.75,199.5,30.65,29.549999999999997,24.6,18.9,0.3115,0.341,0.391,0.305,0.5,0.0,0.5,6.15,0.0,0.0,0.0,0.0,0.0,0.0
2024-07-07 13:00:00,45480.0,0.541666666666667,26.5,74.0,2295,多云~晴,PID,30.7,75.0,0.0,0.0,25.9,36.8,0.0,0.0,0.0,0.0,3.0,1003.3,1001.0,100.0,0.0,0.0,100.0,0.03,1.09,16.6,212.0,8.4,21.2,200.0,30.6,29.4,24.6,18.9,0.31,0.34,0.391,0.305,0.0,0.0,0.0,0.0,0.0,0.0,0.0,0.0,0.0,0.0
2024-07-07 13:30:00,45480.0,0.5625,26.6,73.7,2304,多云~晴,PID,30.6,75.5,0.0,0.0,25.799999999999997,36.5,0.0,0.0,0.0,0.0,3.0,1003.3,1001.0,100.0,0.0,0.0,100.0,0.035,1.075,16.75,211.5,9.3,22.0,201.5,30.35,29.4,24.6,18.9,0.31,0.34,0.391,0.305,0.0,0.0,0.0,0.0,0.0,0.0,0.0,0.0,0.0,0.0
2024-07-07 14:00:00,45480.0,0.583333333333333,25.9,73.0,2195,多云~晴,PID,30.5,76.0,0.0,0.0,25.7,36.2,0.0,0.0,0.0,0.0,3.0,1003.3,1001.0,100.0,0.0,0.0,100.0,0.04,1.06,16.9,211.0,10.2,22.8,203.0,30.1,29.4,24.6,18.9,0.31,0.34,0.391,0.305,0.0,0.0,0.0,0.0,0.0,0.0,0.0,0.0,0.0,0.0
2024-07-07 14:30:00,45480.0,0.604166666666667,25.9,72.5,2252,多云~晴,PID,30.3,77.0,0.0,0.0,25.75,36.0,0.0,0.0,0.0,0.0,3.0,1003.2,1000.9,100.0,0.0,0.0,100.0,0.035,0.9950000000000001,17.45,211.0,10.399999999999999,23.1,203.5,29.9,29.35,24.6,18.9,0.31,0.34,0.391,0.3055,0.0,0.0,0.0,0.0,0.0,0.0,0.0,0.0,0.0,0.0
2024-07-07 15:00:00,45480.0,0.625,25.2,71.8,2397,多云~晴,PID,30.1,78.0,0.0,0.0,25.8,35.8,0.0,0.0,0.0,0.0,3.0,1003.1,1000.8,100.0,0.0,0.0,100.0,0.03,0.93,18.0,211.0,10.6,23.4,204.0,29.7,29.3,24.6,18.9,0.31,0.34,0.391,0.306,0.0,0.0,0.0,0.0,0.0,0.0,0.0,0.0,0.0,0.0
2024-07-07 15:30:00,45480.0,0.645833333333333,25.1,71.2,2289,多云~晴,PID,29.9,79.0,0.0,0.0,25.85,35.599999999999994,0.0,0.0,0.0,0.0,3.0,1003.1,1000.8,100.0,0.0,0.0,100.0,0.03,0.875,18.55,207.5,10.899999999999999,23.95,199.5,29.5,29.25,24.6,18.9,0.31,0.3395,0.391,0.306,0.0,0.0,0.0,0.0,0.0,0.0,0.0,0.0,0.0,0.0
2024-07-07 16:00:00,45480.0,0.666666666666667,24.9,70.5,2365,多云~晴,PID,29.7,80.0,0.0,0.0,25.9,35.4,0.0,0.0,0.0,0.0,3.0,1003.1,1000.8,100.0,0.0,0.0,100.0,0.03,0.82,19.1,204.0,11.2,24.5,195.0,29.3,29.2,24.6,18.9,0.31,0.339,0.391,0.306,0.0,0.0,0.0,0.0,0.0,0.0,0.0,0.0,0.0,0.0
2024-07-07 16:30:00,45480.0,0.6875,24.8,69.8,2297,多云~晴,PID,29.6,79.5,0.0,0.0,25.7,35.0,0.0,0.0,0.0,0.0,3.0,1003.1,1000.8,100.0,0.0,0.0,100.0,0.035,0.845,21.25,209.0,12.45,26.55,202.5,29.15,29.15,24.6,18.9,0.3105,0.339,0.391,0.306,0.0,0.0,0.0,0.0,0.0,0.0,0.0,0.0,0.0,0.0
2024-07-07 17:00:00,45480.0,0.708333333333333,24.6,69.1,2374,多云~晴,PID,29.5,79.0,0.0,0.0,25.5,34.6,0.0,0.0,0.0,0.0,3.0,1003.1,1000.8,100.0,0.0,0.0,100.0,0.04,0.87,23.4,214.0,13.7,28.6,210.0,29.0,29.1,24.6,18.9,0.311,0.339,0.391,0.306,0.0,0.0,0.0,0.0,0.0,0.0,0.0,0.0,0.0,0.0
2024-07-07 17:30:00,45480.0,0.729166666666667,24.3,68.3,2506,多云~晴,PID,29.65,76.0,0.0,0.0,25.0,34.2,0.0,0.0,0.0,0.0,3.0,1002.7,1000.4,99.5,0.0,0.0,99.5,0.05500000000000001,0.99,25.75,212.0,15.049999999999999,29.85,208.0,28.95,29.05,24.65,18.9,0.311,0.339,0.391,0.306,0.0,0.0,0.0,0.0,0.0,0.0,0.0,0.0,0.0,0.0
2024-07-07 18:00:00,45480.0,0.75,24.6,67.7,2519,多云~晴,PID,29.8,73.0,0.0,0.0,24.5,33.8,0.0,0.0,0.0,0.0,3.0,1002.3,1000.0,99.0,0.0,0.0,99.0,0.07,1.11,28.1,210.0,16.4,31.1,206.0,28.9,29.0,24.7,18.9,0.311,0.339,0.391,0.306,0.0,0.0,0.0,0.0,0.0,0.0,0.0,0.0,0.0,0.0
2024-07-07 18:30:00,45480.0,0.770833333333333,24.3,67.0,2540,多云~晴,PID,29.75,72.0,0.0,0.0,24.2,33.599999999999994,0.0,0.0,0.0,0.0,3.0,1002.05,999.75,99.5,0.0,0.0,99.5,0.07,1.155,28.450000000000003,211.5,16.15,31.05,207.0,28.799999999999997,28.95,24.7,18.9,0.311,0.339,0.391,0.306,0.0,0.0,0.0,0.0,0.0,0.0,0.0,0.0,0.0,0.0
2024-07-07 19:00:00,45480.0,0.791666666666667,24.5,66.5,2306,多云~晴,PID,29.7,71.0,0.0,0.0,23.9,33.4,0.0,0.0,0.0,0.0,3.0,1001.8,999.5,100.0,0.0,0.0,100.0,0.07,1.2,28.8,213.0,15.9,31.0,208.0,28.7,28.9,24.7,18.9,0.311,0.339,0.391,0.306,0.0,0.0,0.0,0.0,0.0,0.0,0.0,0.0,0.0,0.0
2024-07-07 19:30:00,45480.0,0.8125,24.2,65.8,2336,多云~晴,PID,29.65,71.0,0.0,0.0,23.85,33.3,0.0,0.0,0.0,0.0,3.0,1001.8499999999999,999.55,100.0,0.0,0.0,100.0,0.07,1.2,28.450000000000003,216.5,15.95,30.7,212.0,28.65,28.85,24.7,18.9,0.311,0.339,0.391,0.306,0.0,0.0,0.0,0.0,0.0,0.0,0.0,0.0,0.0,0.0
2024-07-07 20:00:00,45480.0,0.833333333333333,23.3,65.1,2324,多云~晴,PID,29.6,71.0,0.0,0.0,23.8,33.2,0.0,0.0,0.0,0.0,3.0,1001.9,999.6,100.0,0.0,0.0,100.0,0.07,1.2,28.1,220.0,16.0,30.4,216.0,28.6,28.8,24.7,18.9,0.311,0.339,0.391,0.306,0.0,0.0,0.0,0.0,0.0,0.0,0.0,0.0,0.0,0.0
2024-07-07 20:30:00,45480.0,0.854166666666667,23,64.5,2312,多云~晴,PID,29.4,72.0,0.0,0.0,23.85,33.1,0.0,0.0,0.0,0.0,2.5,1001.8499999999999,999.55,86.5,0.0,0.0,86.5,0.065,1.1400000000000001,27.9,219.5,15.65,29.799999999999997,215.0,28.5,28.75,24.7,18.9,0.311,0.339,0.391,0.306,0.0,0.0,0.0,0.0,0.0,0.0,0.0,0.0,0.0,0.0
2024-07-07 21:00:00,45480.0,0.875,22.1,63.9,2206,多云~晴,PID,29.2,73.0,0.0,0.0,23.9,33.0,0.0,0.0,0.0,0.0,2.0,1001.8,999.5,73.0,0.0,0.0,73.0,0.06,1.08,27.7,219.0,15.3,29.2,214.0,28.4,28.7,24.7,18.9,0.311,0.339,0.391,0.306,0.0,0.0,0.0,0.0,0.0,0.0,0.0,0.0,0.0,0.0
2024-07-07 21:30:00,45480.0,0.895833333333333,21.8,63.5,2332,多云~晴,PID,29.1,75.0,3.0,11.0,24.2,33.15,0.0,0.0,0.0,0.0,2.5,1002.15,999.85,86.5,0.0,0.0,86.5,0.065,1.0050000000000001,27.15,220.5,14.600000000000001,28.1,215.5,28.35,28.65,24.7,18.9,0.311,0.339,0.3905,0.306,14.0,24.85,14.0,50.7,111.75000000000001,19.6,34.8,24.25,6.599999999999999,30.9
2024-07-07 22:00:00,45480.0,0.916666666666667,21.5,63.2,2182,多云~晴,PID,29.0,77.0,6.0,22.0,24.5,33.3,0.0,0.0,0.0,0.0,3.0,1002.5,1000.2,100.0,0.0,0.0,100.0,0.07,0.93,26.6,222.0,13.9,27.0,217.0,28.3,28.6,24.7,18.9,0.311,0.339,0.39,0.306,28.0,49.7,28.0,101.4,223.5,39.2,69.6,48.5,13.2,61.8
2024-07-07 22:30:00,45480.0,0.9375,21.2,63.0,2270,多云~晴,PID,29.35,76.5,16.5,61.0,24.75,33.7,0.0,0.0,0.0,0.0,3.0,1002.75,1000.45,99.5,0.0,0.0,99.5,0.10500000000000001,0.9650000000000001,27.35,221.5,15.2,27.4,216.5,28.4,28.55,24.7,18.9,0.311,0.3385,0.39,0.306,77.5,74.65,77.5,230.04999999999998,358.2,106.85000000000001,103.25,92.95,25.15,118.15
2024-07-07 23:00:00,45480.0,0.958333333333333,21,62.9,2209,多云~晴,PID,29.7,76.0,27.0,100.0,25.0,34.1,0.0,0.0,0.0,0.0,3.0,1003.0,1000.7,99.0,0.0,0.0,99.0,0.14,1.0,28.1,221.0,16.5,27.8,216.0,28.5,28.5,24.7,18.9,0.311,0.338,0.39,0.306,127.0,99.6,127.0,358.7,492.9,174.5,136.9,137.4,37.1,174.5
2024-07-07 23:30:00,45480.0,0.979166666666667,20.7,62.9,2234,多云~晴,PID,30.25,75.5,65.0,136.5,25.45,35.2,0.0,0.0,0.0,0.0,3.0,1003.15,1000.85,99.5,0.0,0.0,99.5,0.185,1.05,28.25,221.5,14.65,24.35,217.0,28.8,28.45,24.7,18.9,0.311,0.338,0.39,0.306,201.5,159.35,201.5,490.29999999999995,619.9499999999999,253.0,200.05,172.60000000000002,80.4,253.0
2024-07-08 00:00:00,45481.0,0.0,19.5,67.4,2321,阴,PID,30.8,75.0,103.0,173.0,25.9,36.3,0.0,0.0,0.0,0.0,3.0,1003.3,1001.0,100.0,0.0,0.0,100.0,0.23,1.1,28.4,222.0,12.8,20.9,218.0,29.1,28.4,24.7,18.9,0.311,0.338,0.39,0.306,276.0,219.1,276.0,621.9,747.0,331.5,263.2,207.8,123.7,331.5
2024-07-08 00:30:00,45481.0,0.0208333333333333,19.5,67.9,2103,阴,PID,31.799999999999997,71.5,197.0,185.0,26.0,37.099999999999994,0.0,0.0,0.0,0.0,3.0,1003.25,1001.0,100.0,0.0,0.0,100.0,0.32,1.3450000000000002,28.4,223.0,14.3,21.65,219.5,30.200000000000003,28.45,24.7,18.9,0.311,0.3385,0.3895,0.306,382.0,333.15,382.0,741.5,857.7,440.2,383.05,214.70000000000002,225.5,440.2
2024-07-08 01:00:00,45481.0,0.0416666666666667,19.6,68.5,2282,阴,PID,32.8,68.0,291.0,197.0,26.1,37.9,0.0,0.0,0.0,0.0,3.0,1003.2,1001.0,100.0,0.0,0.0,100.0,0.41,1.59,28.4,224.0,15.8,22.4,221.0,31.3,28.5,24.7,18.9,0.311,0.339,0.389,0.306,488.0,447.2,488.0,861.1,968.4,548.9,502.9,221.6,327.3,548.9
2024-07-08 01:30:00,45481.0,0.0625,19.7,69.1,2294,阴,PID,33.15,66.0,344.0,218.5,26.0,38.15,0.0,0.0,0.0,0.0,3.0,1003.1500000000001,1000.95,99.5,0.0,0.0,99.5,0.47,1.715,31.5,223.0,17.75,24.7,220.5,31.55,28.6,24.75,18.9,0.3105,0.3385,0.389,0.306,562.5,471.4,562.5,960.45,1055.3,617.7,518.5500000000001,240.14999999999998,377.6,617.7
2024-07-08 02:00:00,45481.0,0.0833333333333333,19.8,69.8,2200,阴,PID,33.5,64.0,397.0,240.0,25.9,38.4,0.0,0.0,0.0,0.0,3.0,1003.1,1000.9,99.0,0.0,0.0,99.0,0.53,1.84,34.6,222.0,19.7,27.0,220.0,31.8,28.7,24.8,18.9,0.31,0.338,0.389,0.306,637.0,495.6,637.0,1059.8,1142.2,686.5,534.2,258.7,427.9,686.5
2024-07-08 02:30:00,45481.0,0.104166666666667,20,70.5,2318,阴,PID,33.8,63.5,451.5,248.0,26.0,38.95,0.0,0.0,0.0,0.0,3.0,1003.05,1000.8499999999999,99.5,0.0,0.0,99.5,0.575,1.9,36.400000000000006,221.5,20.45,28.05,220.0,32.15,28.75,24.8,18.9,0.3085,0.3375,0.389,0.306,699.5,525.6999999999999,699.5,1132.25,1199.3000000000002,740.65,556.95,262.85,477.8,740.65
2024-07-08 03:00:00,45481.0,0.125,20.2,71.2,2317,阴,PID,34.1,63.0,506.0,256.0,26.1,39.5,0.0,0.0,0.0,0.0,3.0,1003.0,1000.8,100.0,0.0,0.0,100.0,0.62,1.96,38.2,221.0,21.2,29.1,220.0,32.5,28.8,24.8,18.9,0.307,0.337,0.389,0.306,762.0,555.8,762.0,1204.7,1256.4,794.8,579.7,267.0,527.7,794.8
2024-07-08 03:30:00,45481.0,0.145833333333333,20.4,71.9,2288,阴,PID,34.3,63.0,557.0,248.0,26.25,40.0,0.0,0.0,0.0,0.0,3.0,1003.0,1000.8,92.0,0.0,0.0,92.0,0.65,2.0,38.35,223.0,21.15,28.8,222.0,32.8,28.9,24.8,18.9,0.306,0.336,0.3885,0.306,805.0,590.75,805.0,1245.2,1279.85,827.2,607.0,255.15,572.0,827.2
2024-07-08 04:00:00,45481.0,0.166666666666667,20.7,72.7,2275,阴,PID,34.5,63.0,608.0,240.0,26.4,40.5,0.0,0.0,0.0,0.0,3.0,1003.0,1000.8,84.0,0.0,0.0,84.0,0.68,2.04,38.5,225.0,21.1,28.5,224.0,33.1,29.0,24.8,18.9,0.305,0.335,0.388,0.306,848.0,625.7,848.0,1285.7,1303.3,859.6,634.3,243.3,616.3,859.6
2024-07-08 04:30:00,45481.0,0.1875,21,73.4,2289,阴,PID,34.7,62.5,631.5,227.5,26.45,40.95,0.0,0.0,0.0,0.0,3.0,1002.7,1000.5,91.5,1.5,3.0,91.5,0.69,2.09,38.15,225.0,20.35,27.5,224.0,33.400000000000006,29.1,24.8,18.95,0.3035,0.3345,0.388,0.306,859.0,646.85,859.0,1291.5500000000002,1291.5,858.85,646.5999999999999,227.70000000000002,631.2,858.85
2024-07-08 05:00:00,45481.0,0.208333333333333,21.3,74.1,2302,阴,PID,34.9,62.0,655.0,215.0,26.5,41.4,0.0,0.0,0.0,0.0,3.0,1002.4,1000.2,99.0,3.0,6.0,99.0,0.7,2.14,37.8,225.0,19.6,26.5,224.0,33.7,29.2,24.8,19.0,0.302,0.334,0.388,0.306,870.0,668.0,870.0,1297.4,1279.7,858.1,658.9,212.1,646.1,858.1
2024-07-08 05:30:00,45481.0,0.229166666666667,21.6,74.7,2263,阴,PID,34.95,60.0,547.0,257.0,26.05,40.849999999999994,0.0,0.0,0.0,0.0,3.0,1002.0999999999999,999.9000000000001,99.5,2.5,7.5,99.5,0.665,2.24,36.7,224.0,19.1,25.85,223.5,33.75,29.299999999999997,24.8,19.0,0.301,0.3335,0.3875,0.306,804.0,568.4,804.0,1268.15,1233.4,782.6,554.05,249.3,533.35,782.6
2024-07-08 06:00:00,45481.0,0.25,22,75.4,2597,阴,PID,35.0,58.0,439.0,299.0,25.6,40.3,0.0,0.0,0.0,0.0,3.0,1001.8,999.6,100.0,2.0,9.0,100.0,0.63,2.34,35.6,223.0,18.6,25.2,223.0,33.8,29.4,24.8,19.0,0.3,0.333,0.387,0.306,738.0,468.8,738.0,1238.9,1187.1,707.1,449.2,286.5,420.6,707.1
2024-07-08 06:30:00,45481.0,0.270833333333333,22.3,75.9,2410,阴,PID,34.85,59.0,443.5,263.0,25.75,40.25,0.0,0.0,0.0,0.0,3.0,1001.55,999.35,100.0,3.5,10.5,100.0,0.6,2.2649999999999997,34.35,222.0,17.85,24.35,222.0,33.8,29.5,24.8,19.0,0.299,0.332,0.387,0.306,706.5,500.4,706.5,1176.6,1109.5,666.1,470.9,248.35,417.75,666.1
2024-07-08 07:00:00,45481.0,0.291666666666667,22.6,76.4,2418,阴,PID,34.7,60.0,448.0,227.0,25.9,40.2,0.0,0.0,0.0,0.0,3.0,1001.3,999.1,100.0,5.0,12.0,100.0,0.57,2.19,33.1,221.0,17.1,23.5,221.0,33.8,29.6,24.8,19.0,0.298,0.331,0.387,0.306,675.0,532.0,675.0,1114.3,1031.9,625.1,492.6,210.2,414.9,625.1
2024-07-08 07:30:00,45481.0,0.3125,22.9,76.8,2417,阴,PID,34.5,61.5,390.0,202.0,26.049999999999997,39.95,0.0,0.0,0.0,0.0,3.0,1001.0,998.8,100.0,5.5,12.5,100.0,0.51,2.105,31.85,220.0,15.950000000000001,22.0,220.0,33.7,29.700000000000003,24.85,19.0,0.2975,0.3305,0.387,0.306,592.0,501.65,592.0,1023.15,928.25,537.7,454.8,183.39999999999998,354.29999999999995,537.7
2024-07-08 08:00:00,45481.0,0.333333333333333,24.1,77.4,2275,阴,PID,34.3,63.0,332.0,177.0,26.2,39.7,0.0,0.0,0.0,0.0,3.0,1000.7,998.5,100.0,6.0,13.0,100.0,0.45,2.02,30.6,219.0,14.8,20.5,219.0,33.6,29.8,24.9,19.0,0.297,0.33,0.387,0.306,509.0,471.3,509.0,932.0,824.6,450.3,417.0,156.6,293.7,450.3
2024-07-08 08:30:00,45481.0,0.354166666666667,24.4,77.6,2260,阴,PID,34.05,65.0,233.5,179.5,26.5,39.85,0.0,0.0,0.0,0.0,3.0,1000.8,998.6,100.0,3.5,9.5,100.0,0.37,1.875,28.1,215.0,13.350000000000001,19.95,214.0,33.35,29.85,24.9,19.0,0.2965,0.33,0.387,0.306,413.0,362.45,413.0,818.25,701.95,355.5,312.75,153.14999999999998,202.35,355.5
2024-07-08 09:00:00,45481.0,0.375,25.5,78.0,2224,阴,PID,33.8,67.0,135.0,182.0,26.8,40.0,0.0,0.0,0.0,0.0,3.0,1000.9,998.7,100.0,1.0,6.0,100.0,0.29,1.73,25.6,211.0,11.9,19.4,209.0,33.1,29.9,24.9,19.0,0.296,0.33,0.387,0.306,317.0,253.6,317.0,704.5,579.3,260.7,208.5,149.7,111.0,260.7
2024-07-08 09:30:00,45481.0,0.395833333333333,25.8,78.0,2365,阴,PID,33.349999999999994,68.5,91.0,152.0,26.700000000000003,39.55,0.0,0.0,0.0,0.0,3.0,1001.0999999999999,998.9000000000001,100.0,0.5,4.5,100.0,0.235,1.625,22.9,208.5,11.2,19.9,205.5,32.75,29.95,24.9,19.0,0.296,0.3295,0.3865,0.306,243.0,196.35,243.0,575.8,446.09999999999997,189.5,152.9,117.55,71.95,189.5
2024-07-08 10:00:00,45481.0,0.416666666666667,25.1,77.7,2406,阴,PID,32.9,70.0,47.0,122.0,26.6,39.1,0.0,0.0,0.0,0.0,3.0,1001.3,999.1,100.0,0.0,3.0,100.0,0.18,1.52,20.2,206.0,10.5,20.4,202.0,32.4,30.0,24.9,19.0,0.296,0.329,0.386,0.306,169.0,139.1,169.0,447.1,312.9,118.3,97.3,85.4,32.9,118.3
2024-07-08 10:30:00,45481.0,0.4375,25.2,77.5,2349,阴,PID,32.2,72.0,23.5,80.0,26.5,38.6,0.0,0.0,0.0,0.0,3.0,1001.5,999.3,100.0,0.0,2.5,100.0,0.125,1.35,19.1,204.0,8.95,19.5,198.0,32.0,30.0,24.9,19.0,0.296,0.329,0.386,0.306,103.5,69.55,103.5,312.3,178.1,63.15,48.65,47.35,16.45,63.79999999999999
2024-07-08 11:00:00,45481.0,0.458333333333333,24.4,77.0,2428,阴,PID,31.5,74.0,0.0,38.0,26.4,38.1,0.0,0.0,0.0,0.0,3.0,1001.7,999.5,100.0,0.0,2.0,100.0,0.07,1.18,18.0,202.0,7.4,18.6,194.0,31.6,30.0,24.9,19.0,0.296,0.329,0.386,0.306,38.0,0.0,38.0,177.5,43.3,8.0,0.0,9.3,0.0,9.3
2024-07-08 11:30:00,45481.0,0.479166666666667,24.5,76.6,2461,阴,PID,31.1,77.0,0.0,19.0,26.549999999999997,37.900000000000006,0.0,0.0,0.0,0.0,3.0,1001.95,999.7,100.0,0.0,1.5,100.0,0.05,1.04,15.5,200.0,6.800000000000001,17.05,190.5,31.25,30.0,24.9,19.0,0.296,0.329,0.386,0.306,19.0,0.0,19.0,94.7,21.65,4.0,0.0,4.65,0.0,4.65
2024-07-08 12:00:00,45481.0,0.5,25,76.3,2641,阴,PID,30.7,80.0,0.0,0.0,26.7,37.7,0.0,0.0,0.0,0.0,3.0,1002.2,999.9,100.0,0.0,1.0,100.0,0.03,0.9,13.0,198.0,6.2,15.5,187.0,30.9,30.0,24.9,19.0,0.296,0.329,0.386,0.306,0.0,0.0,0.0,11.9,0.0,0.0,0.0,0.0,0.0,0.0
2024-07-08 12:30:00,45481.0,0.520833333333333,25,75.8,2485,阴,PID,30.799999999999997,79.0,0.0,0.0,26.65,37.6,0.0,0.0,0.0,0.0,3.0,1002.3,1000.05,100.0,0.0,1.0,100.0,0.025,0.94,13.0,193.0,7.050000000000001,17.0,183.5,30.95,29.7,24.9,19.0,0.2945,0.3285,0.387,0.306,0.0,0.0,0.0,5.95,0.0,0.0,0.0,0.0,0.0,0.0
2024-07-08 13:00:00,45481.0,0.541666666666667,25.8,75.5,2287,阴,PID,30.9,78.0,0.0,0.0,26.6,37.5,0.0,0.0,0.0,0.0,3.0,1002.4,1000.2,100.0,0.0,1.0,100.0,0.02,0.98,13.0,188.0,7.9,18.5,180.0,31.0,29.4,24.9,19.0,0.293,0.328,0.388,0.306,0.0,0.0,0.0,0.0,0.0,0.0,0.0,0.0,0.0,0.0
2024-07-08 13:30:00,45481.0,0.5625,25.7,74.9,2353,阴,PID,30.7,78.5,0.0,0.0,26.5,37.1,0.0,0.0,0.0,0.0,3.0,1002.25,1000.0,100.0,0.0,2.0,100.0,0.025,0.9450000000000001,15.15,188.0,9.0,20.35,181.0,30.7,29.4,24.9,19.0,0.293,0.3275,0.388,0.306,0.0,0.0,0.0,0.0,0.0,0.0,0.0,0.0,0.0,0.0
2024-07-08 14:00:00,45481.0,0.583333333333333,25.1,74.0,2224,阴,PID,30.5,79.0,0.0,0.0,26.4,36.7,0.0,0.0,0.0,0.0,3.0,1002.1,999.8,100.0,0.0,3.0,100.0,0.03,0.91,17.3,188.0,10.1,22.2,182.0,30.4,29.4,24.9,19.0,0.293,0.327,0.388,0.306,0.0,0.0,0.0,0.0,0.0,0.0,0.0,0.0,0.0,0.0
2024-07-08 14:30:00,45481.0,0.604166666666667,24.9,73.3,2242,阴,PID,30.35,79.0,0.0,0.0,26.25,36.400000000000006,0.0,0.0,0.0,0.0,3.0,1002.05,999.75,100.0,0.0,1.5,100.0,0.03,0.91,17.65,194.0,10.2,22.35,187.0,30.15,29.35,24.9,19.0,0.2935,0.327,0.388,0.306,0.0,0.0,0.0,0.0,0.0,0.0,0.0,0.0,0.0,0.0
2024-07-08 15:00:00,45481.0,0.625,23.7,72.3,2303,阴,PID,30.2,79.0,0.0,0.0,26.1,36.1,0.0,0.0,0.0,0.0,3.0,1002.0,999.7,100.0,0.0,0.0,100.0,0.03,0.91,18.0,200.0,10.3,22.5,192.0,29.9,29.3,24.9,19.0,0.294,0.327,0.388,0.306,0.0,0.0,0.0,0.0,0.0,0.0,0.0,0.0,0.0,0.0
2024-07-08 15:30:00,45481.0,0.645833333333333,23.5,71.6,2240,阴,PID,30.1,78.5,0.0,0.0,25.9,35.7,0.0,0.0,0.0,0.0,3.0,1002.0,999.7,100.0,0.0,0.0,100.0,0.035,0.9299999999999999,20.0,208.5,11.65,24.6,203.0,29.7,29.3,24.95,19.0,0.294,0.327,0.388,0.306,0.0,0.0,0.0,0.0,0.0,0.0,0.0,0.0,0.0,0.0
2024-07-08 16:00:00,45481.0,0.666666666666667,23.2,70.8,2317,阴,PID,30.0,78.0,0.0,0.0,25.7,35.3,0.0,0.0,0.0,0.0,3.0,1002.0,999.7,100.0,0.0,0.0,100.0,0.04,0.95,22.0,217.0,13.0,26.7,214.0,29.5,29.3,25.0,19.0,0.294,0.327,0.388,0.306,0.0,0.0,0.0,0.0,0.0,0.0,0.0,0.0,0.0,0.0
2024-07-08 16:30:00,45481.0,0.6875,22.9,70.1,2404,阴,PID,30.05,76.0,0.0,0.0,25.25,34.95,0.0,0.0,0.0,0.0,3.0,1001.6,999.3,100.0,0.0,0.0,100.0,0.05,1.04,23.8,220.0,13.8,27.6,217.0,29.4,29.25,25.0,19.0,0.294,0.327,0.388,0.306,0.0,0.0,0.0,0.0,0.0,0.0,0.0,0.0,0.0,0.0
2024-07-08 17:00:00,45481.0,0.708333333333333,22.6,69.4,2507,阴,PID,30.1,74.0,0.0,0.0,24.8,34.6,0.0,0.0,0.0,0.0,3.0,1001.2,998.9,100.0,0.0,0.0,100.0,0.06,1.13,25.6,223.0,14.6,28.5,220.0,29.3,29.2,25.0,19.0,0.294,0.327,0.388,0.306,0.0,0.0,0.0,0.0,0.0,0.0,0.0,0.0,0.0,0.0
2024-07-08 17:30:00,45481.0,0.729166666666667,22.2,68.8,2497,阴,PID,29.950000000000003,73.0,0.0,0.0,24.5,34.400000000000006,0.0,0.0,0.0,0.0,3.0,1001.1,998.8,100.0,0.0,0.0,100.0,0.06,1.1549999999999998,25.6,222.5,13.8,27.65,219.5,29.15,29.15,25.0,19.0,0.294,0.327,0.3875,0.306,0.0,0.0,0.0,0.0,0.0,0.0,0.0,0.0,0.0,0.0
2024-07-08 18:00:00,45481.0,0.75,22.8,68.5,2597,阴,PID,29.8,72.0,0.0,0.0,24.2,34.2,0.0,0.0,0.0,0.0,3.0,1001.0,998.7,100.0,0.0,0.0,100.0,0.06,1.18,25.6,222.0,13.0,26.8,219.0,29.0,29.1,25.0,19.0,0.294,0.327,0.387,0.306,0.0,0.0,0.0,0.0,0.0,0.0,0.0,0.0,0.0,0.0
2024-07-08 18:30:00,45481.0,0.770833333333333,22.4,67.9,2540,阴,PID,29.6,73.0,0.0,0.0,24.25,34.0,0.0,0.0,0.0,0.0,3.0,1000.95,998.6500000000001,100.0,0.0,0.0,100.0,0.055,1.12,24.3,222.5,12.8,26.4,218.0,28.9,29.05,25.0,19.0,0.2945,0.327,0.387,0.306,0.0,0.0,0.0,0.0,0.0,0.0,0.0,0.0,0.0,0.0
2024-07-08 19:00:00,45481.0,0.791666666666667,22.8,67.7,2251,阴,PID,29.4,74.0,0.0,0.0,24.3,33.8,0.0,0.0,0.0,0.0,3.0,1000.9,998.6,100.0,0.0,0.0,100.0,0.05,1.06,23.0,223.0,12.6,26.0,217.0,28.8,29.0,25.0,19.0,0.295,0.327,0.387,0.306,0.0,0.0,0.0,0.0,0.0,0.0,0.0,0.0,0.0,0.0
2024-07-08 19:30:00,45481.0,0.8125,22.5,67.4,2395,阴,PID,29.35,74.0,0.0,0.0,24.3,33.65,0.0,0.0,0.0,0.0,3.0,1001.0,998.7,100.0,0.0,1.5,100.0,0.055,1.0550000000000002,24.3,222.0,13.649999999999999,26.9,216.5,28.700000000000003,28.95,25.0,19.0,0.295,0.327,0.387,0.306,0.0,0.0,0.0,0.0,0.0,0.0,0.0,0.0,0.0,0.0
2024-07-08 20:00:00,45481.0,0.833333333333333,21.3,66.8,2343,阴,PID,29.3,74.0,0.0,0.0,24.3,33.5,0.0,0.0,0.0,0.0,3.0,1001.1,998.8,100.0,0.0,3.0,100.0,0.06,1.05,25.6,221.0,14.7,27.8,216.0,28.6,28.9,25.0,19.0,0.295,0.327,0.387,0.306,0.0,0.0,0.0,0.0,0.0,0.0,0.0,0.0,0.0,0.0
2024-07-08 20:30:00,45481.0,0.854166666666667,21,66.6,2410,阴,PID,29.3,74.0,0.0,0.0,24.25,33.45,0.0,0.0,0.0,0.0,3.0,1001.25,998.95,100.0,0.0,2.5,100.0,0.06,1.0550000000000002,26.1,222.5,14.649999999999999,27.9,218.0,28.55,28.85,25.0,19.0,0.295,0.327,0.387,0.306,0.0,0.0,0.0,0.0,0.0,0.0,0.0,0.0,0.0,0.0
2024-07-08 21:00:00,45481.0,0.875,20.1,66.4,2313,阴,PID,29.3,74.0,0.0,0.0,24.2,33.4,0.0,0.0,0.0,0.0,3.0,1001.4,999.1,100.0,0.0,2.0,100.0,0.06,1.06,26.6,224.0,14.6,28.0,220.0,28.5,28.8,25.0,19.0,0.295,0.327,0.387,0.306,0.0,0.0,0.0,0.0,0.0,0.0,0.0,0.0,0.0,0.0
2024-07-08 21:30:00,45481.0,0.895833333333333,19.9,66.4,2323,阴,PID,29.3,74.5,0.0,4.0,24.299999999999997,33.349999999999994,0.0,0.0,0.0,0.0,3.0,1001.5999999999999,999.3,100.0,0.0,1.0,100.0,0.075,1.04,26.8,222.0,15.2,28.45,217.5,28.45,28.75,25.0,19.0,0.295,0.327,0.387,0.3065,4.0,0.0,4.0,50.2,110.75,5.6,0.0,8.85,0.0,8.85
2024-07-08 22:00:00,45481.0,0.916666666666667,19.8,66.5,2303,阴,PID,29.3,75.0,0.0,8.0,24.4,33.3,0.0,0.0,0.0,0.0,3.0,1001.8,999.5,100.0,0.0,0.0,100.0,0.09,1.02,27.0,220.0,15.8,28.9,215.0,28.4,28.7,25.0,19.0,0.295,0.327,0.387,0.307,8.0,0.0,8.0,100.4,221.5,11.2,0.0,17.7,0.0,17.7
2024-07-08 22:30:00,45481.0,0.9375,19.6,66.7,2331,阴,PID,29.4,75.5,0.5,40.5,24.549999999999997,33.45,0.0,0.0,0.0,0.0,3.0,1001.9,999.6,100.0,0.0,0.0,100.0,0.105,1.01,27.9,220.5,16.200000000000003,29.0,217.0,28.45,28.65,25.0,19.0,0.295,0.327,0.387,0.307,41.0,1.8499999999999999,41.0,228.6,356.3,56.55,2.55,59.099999999999994,0.7,59.8
2024-07-08 23:00:00,45481.0,0.958333333333333,19.6,67.1,2193,阴,PID,29.5,76.0,1.0,73.0,24.7,33.6,0.0,0.0,0.0,0.0,3.0,1002.0,999.7,100.0,0.0,0.0,100.0,0.12,1.0,28.8,221.0,16.6,29.1,219.0,28.5,28.6,25.0,19.0,0.295,0.327,0.387,0.307,74.0,3.7,74.0,356.8,491.1,101.9,5.1,100.5,1.4,101.9
2024-07-08 23:30:00,45481.0,0.979166666666667,19.5,67.4,2166,阴,PID,30.05,75.5,40.0,126.0,25.15,34.6,0.0,0.0,0.0,0.0,3.0,1002.1,999.8,100.0,0.0,0.0,100.0,0.175,1.05,28.6,222.0,15.450000000000001,26.4,220.0,28.8,28.55,25.05,19.05,0.295,0.3265,0.387,0.307,166.0,86.10000000000001,166.0,488.54999999999995,618.3,206.0,103.8,157.8,48.15,206.0
2024-07-09 00:00:00,45482.0,0.0,20.9,64.0,2306,多云~晴,PID,30.6,75.0,79.0,179.0,25.6,35.6,0.0,0.0,0.0,0.0,3.0,1002.2,999.9,100.0,0.0,0.0,100.0,0.23,1.1,28.4,223.0,14.3,23.7,221.0,29.1,28.5,25.1,19.1,0.295,0.326,0.387,0.307,258.0,168.5,258.0,620.3,745.5,310.1,202.5,215.1,94.9,310.1
2024-07-09 00:30:00,45482.0,0.0208333333333333,20.8,64.3,2210,多云~晴,PID,31.200000000000003,72.5,163.0,197.0,25.6,36.0,0.0,0.0,0.0,0.0,3.0,1002.2,999.95,100.0,0.0,0.0,100.0,0.305,1.255,29.5,217.0,15.85,24.049999999999997,215.5,29.6,28.5,25.1,19.1,0.2925,0.3255,0.3865,0.307,360.0,274.35,360.0,740.0,856.35,414.95,315.1,228.5,186.39999999999998,414.95
2024-07-09 01:00:00,45482.0,0.0416666666666667,20.7,64.6,2233,多云~晴,PID,31.8,70.0,247.0,215.0,25.6,36.4,0.0,0.0,0.0,0.0,3.0,1002.2,1000.0,100.0,0.0,0.0,100.0,0.38,1.41,30.6,211.0,17.4,24.4,210.0,30.1,28.5,25.1,19.1,0.29,0.325,0.386,0.307,462.0,380.2,462.0,859.7,967.2,519.8,427.7,241.9,277.9,519.8
2024-07-09 01:30:00,45482.0,0.0625,20.7,65.1,2186,多云~晴,PID,31.8,69.5,156.0,252.5,25.450000000000003,36.15,0.0,0.0,0.0,0.0,3.0,1002.35,1000.15,100.0,2.5,16.5,100.0,0.355,1.4449999999999998,32.2,212.5,18.6,26.75,211.5,30.200000000000003,28.5,25.1,19.1,0.2895,0.325,0.386,0.307,408.5,230.7,408.5,959.25,1054.25,451.25,257.65,277.25,174.0,451.25
2024-07-09 02:00:00,45482.0,0.0833333333333333,20.7,65.6,2142,多云~晴,PID,31.8,69.0,65.0,290.0,25.3,35.9,0.0,0.0,0.0,0.0,3.0,1002.5,1000.3,100.0,5.0,33.0,100.0,0.33,1.48,33.8,214.0,19.8,29.1,213.0,30.3,28.5,25.1,19.1,0.289,0.325,0.386,0.307,355.0,81.2,355.0,1058.8,1141.3,382.7,87.6,312.6,70.1,382.7
2024-07-09 02:30:00,45482.0,0.104166666666667,20.8,66.2,2226,多云~晴,PID,31.950000000000003,68.0,52.0,305.5,25.3,35.9,0.0,0.0,0.0,0.0,3.0,1002.5,1000.3,100.0,2.5,31.5,100.0,0.33999999999999997,1.52,35.45,214.5,20.55,30.450000000000003,213.5,30.450000000000003,28.55,25.1,19.1,0.2885,0.3245,0.386,0.307,357.5,62.05,357.5,1131.35,1198.55,379.1,66.15,323.70000000000005,55.4,379.1
2024-07-09 03:00:00,45482.0,0.125,20.9,66.8,2301,多云~晴,PID,32.1,67.0,39.0,321.0,25.3,35.9,0.0,0.0,0.0,0.0,3.0,1002.5,1000.3,100.0,0.0,30.0,100.0,0.35,1.56,37.1,215.0,21.3,31.8,214.0,30.6,28.6,25.1,19.1,0.288,0.324,0.386,0.307,360.0,42.9,360.0,1203.9,1255.8,375.5,44.7,334.8,40.7,375.5
2024-07-09 03:30:00,45482.0,0.145833333333333,21.1,67.5,2339,多云~晴,PID,32.05,68.0,41.5,290.0,25.450000000000003,36.15,0.0,0.0,0.0,0.0,3.0,1002.45,1000.25,100.0,2.0,21.0,100.0,0.32499999999999996,1.5150000000000001,36.900000000000006,216.0,20.3,30.55,215.5,30.6,28.6,25.1,19.1,0.2875,0.3235,0.3855,0.307,331.5,44.099999999999994,331.5,1244.5,1279.35,341.35,45.3,298.70000000000005,42.650000000000006,341.35
2024-07-09 04:00:00,45482.0,0.166666666666667,21.3,68.3,2343,多云~晴,PID,32.0,69.0,44.0,259.0,25.6,36.4,0.0,0.0,0.0,0.0,3.0,1002.4,1000.2,100.0,4.0,12.0,100.0,0.3,1.47,36.7,217.0,19.3,29.3,217.0,30.6,28.6,25.1,19.1,0.287,0.323,0.385,0.307,303.0,45.3,303.0,1285.1,1302.9,307.2,45.9,262.6,44.6,307.2
2024-07-09 04:30:00,45482.0,0.1875,21.5,69.0,2249,多云~晴,PID,32.3,68.0,49.5,329.0,25.700000000000003,36.7,0.0,0.0,0.0,0.0,3.0,1002.15,999.95,100.0,4.5,11.0,100.0,0.355,1.54,36.35,217.0,19.55,28.65,217.0,30.85,28.65,25.1,19.1,0.2865,0.323,0.385,0.307,378.5,50.7,378.5,1291.05,1291.15,377.5,50.599999999999994,328.1,49.45,377.5
2024-07-09 05:00:00,45482.0,0.208333333333333,21.8,69.7,2325,多云~晴,PID,32.6,67.0,55.0,399.0,25.8,37.0,0.0,0.0,0.0,0.0,3.0,1001.9,999.7,100.0,5.0,10.0,100.0,0.41,1.61,36.0,217.0,19.8,28.0,217.0,31.1,28.7,25.1,19.1,0.286,0.323,0.385,0.307,454.0,56.1,454.0,1297.0,1279.4,447.8,55.3,393.6,54.3,447.8
2024-07-09 05:30:00,45482.0,0.229166666666667,22,70.4,2375,多云~晴,PID,32.05,67.5,76.0,389.0,25.4,35.9,0.1,0.1,0.0,0.0,27.0,1002.05,999.85,100.0,9.5,17.0,100.0,0.41,1.53,38.0,227.0,21.65,30.3,227.5,31.25,28.75,25.1,19.1,0.286,0.3225,0.385,0.307,465.0,79.85,465.0,1267.85,1233.15,451.95000000000005,77.3,378.35,73.6,451.95000000000005
2024-07-09 06:00:00,45482.0,0.25,22.3,71.2,2464,多云~晴,PID,31.5,68.0,97.0,379.0,25.0,34.8,0.2,0.2,0.0,0.0,51.0,1002.2,1000.0,100.0,14.0,24.0,100.0,0.41,1.45,40.0,237.0,23.5,32.6,238.0,31.4,28.8,25.1,19.1,0.286,0.322,0.385,0.307,476.0,103.6,476.0,1238.7,1186.9,456.1,99.3,363.1,92.9,456.1
2024-07-09 06:30:00,45482.0,0.270833333333333,22.7,71.9,2522,多云~晴,PID,30.9,72.5,56.5,272.5,25.45,35.25,0.2,0.2,0.0,0.0,51.0,1002.05,999.8,100.0,7.5,18.0,100.0,0.295,1.21,40.35,239.5,18.35,27.1,241.0,31.049999999999997,28.85,25.1,19.1,0.287,0.322,0.385,0.307,329.0,61.3,329.0,1176.3999999999999,1109.3000000000002,312.3,58.45,258.4,53.85,312.3
2024-07-09 07:00:00,45482.0,0.291666666666667,23,72.5,2606,多云~晴,PID,30.3,77.0,16.0,166.0,25.9,35.7,0.2,0.2,0.0,0.0,51.0,1001.9,999.6,100.0,1.0,12.0,100.0,0.18,0.97,40.7,242.0,13.2,21.6,244.0,30.7,28.9,25.1,19.1,0.288,0.322,0.385,0.307,182.0,19.0,182.0,1114.1,1031.7,168.5,17.6,153.7,14.8,168.5
2024-07-09 07:30:00,45482.0,0.3125,23.3,73.0,2625,多云~晴,PID,30.3,76.5,17.5,189.5,25.75,35.3,0.2,0.2,0.0,0.0,51.0,1001.8,999.5,100.0,0.5,56.0,100.0,0.2,1.0,34.55,251.0,15.0,23.25,252.0,30.6,28.9,25.1,19.1,0.2885,0.3215,0.3845,0.307,207.0,23.0,207.0,1022.9499999999999,928.0,186.85,20.75,171.05,15.8,186.85
2024-07-09 08:00:00,45482.0,0.333333333333333,24.3,73.8,2235,多云~晴,PID,30.3,76.0,19.0,213.0,25.6,34.9,0.2,0.2,0.0,0.0,51.0,1001.7,999.4,100.0,0.0,100.0,100.0,0.22,1.03,28.4,260.0,16.8,24.9,260.0,30.5,28.9,25.1,19.1,0.289,0.321,0.384,0.307,232.0,27.0,232.0,931.8,824.3,205.2,23.9,188.4,16.8,205.2
2024-07-09 08:30:00,45482.0,0.354166666666667,24.6,74.2,2267,多云~晴,PID,29.75,79.5,19.0,185.0,25.8,35.099999999999994,0.25,0.25,0.0,0.0,51.0,1001.5,999.2,81.0,0.0,79.5,53.5,0.185,0.855,28.95,252.0,12.850000000000001,23.65,251.5,30.25,28.9,25.1,19.1,0.29,0.321,0.384,0.307,204.0,31.35,204.0,817.95,701.5999999999999,174.95,26.65,158.75,16.2,174.95
2024-07-09 09:00:00,45482.0,0.375,25.4,74.7,2222,多云~晴,PID,29.2,83.0,19.0,157.0,26.0,35.3,0.3,0.3,0.0,0.0,51.0,1001.3,999.0,62.0,0.0,59.0,7.0,0.15,0.68,29.5,244.0,8.9,22.4,243.0,30.0,28.9,25.1,19.1,0.291,0.321,0.384,0.307,176.0,35.7,176.0,704.1,578.9,144.7,29.4,129.1,15.6,144.7
2024-07-09 09:30:00,45482.0,0.395833333333333,25.7,74.9,2299,多云~晴,PID,29.549999999999997,83.0,33.5,135.0,26.35,36.0,0.15,0.15,0.0,0.0,27.0,1001.55,999.25,81.0,1.0,78.0,53.5,0.14,0.69,23.4,246.5,8.25,21.799999999999997,244.0,29.95,28.9,25.1,19.1,0.291,0.321,0.384,0.307,168.5,88.94999999999999,168.5,575.35,445.54999999999995,128.64999999999998,64.4,104.05,24.6,128.64999999999998
2024-07-09 10:00:00,45482.0,0.416666666666667,25.4,74.9,2252,多云~晴,PID,29.9,83.0,48.0,113.0,26.7,36.7,0.0,0.0,0.0,0.0,3.0,1001.8,999.5,100.0,2.0,97.0,100.0,0.13,0.7,17.3,249.0,7.6,21.2,245.0,29.9,28.9,25.1,19.1,0.291,0.321,0.384,0.307,161.0,142.2,161.0,446.6,312.2,112.6,99.4,79.0,33.6,112.6
2024-07-09 10:30:00,45482.0,0.4375,25.6,75.0,2349,多云~晴,PID,29.75,84.0,24.0,69.5,26.75,36.6,0.0,0.0,0.0,0.0,3.0,1001.9,999.6,96.0,1.0,74.5,95.5,0.085,0.655,15.850000000000001,244.5,7.55,19.3,240.0,29.65,28.9,25.15,19.1,0.291,0.321,0.384,0.307,93.5,71.1,93.5,311.65,177.25,59.0,49.7,42.6,16.8,59.4
2024-07-09 11:00:00,45482.0,0.458333333333333,25.3,74.8,2582,多云~晴,PID,29.6,85.0,0.0,26.0,26.8,36.5,0.0,0.0,0.0,0.0,3.0,1002.0,999.7,92.0,0.0,52.0,91.0,0.04,0.61,14.4,240.0,7.5,17.4,235.0,29.4,28.9,25.2,19.1,0.291,0.321,0.384,0.307,26.0,0.0,26.0,176.7,42.3,5.4,0.0,6.2,0.0,6.2
2024-07-09 11:30:00,45482.0,0.479166666666667,25.4,74.6,2578,多云~晴,PID,29.35,86.5,0.0,13.5,26.85,36.35,0.0,0.0,0.0,0.0,2.5,1002.2,999.9000000000001,81.0,2.5,29.5,78.5,0.03,0.54,14.05,242.0,6.8,16.5,238.5,29.2,28.85,25.2,19.1,0.2915,0.321,0.384,0.307,13.5,0.0,13.5,94.05,21.15,2.7,0.0,3.1,0.0,3.1
2024-07-09 12:00:00,45482.0,0.5,26.5,74.7,2486,多云~晴,PID,29.1,88.0,0.0,1.0,26.9,36.2,0.0,0.0,0.0,0.0,2.0,1002.4,1000.1,70.0,5.0,7.0,66.0,0.02,0.47,13.7,244.0,6.1,15.6,242.0,29.0,28.8,25.2,19.1,0.292,0.321,0.384,0.307,1.0,0.0,1.0,11.4,0.0,0.0,0.0,0.0,0.0,0.0
2024-07-09 12:30:00,45482.0,0.520833333333333,26.6,74.4,2534,多云~晴,PID,28.3,91.0,0.0,0.5,26.65,35.400000000000006,1.15,1.15,0.0,0.0,31.5,1003.25,1000.95,84.5,13.0,9.0,82.5,0.01,0.35,15.15,126.0,5.05,10.5,126.0,28.95,28.950000000000003,25.2,19.1,0.305,0.3205,0.384,0.307,0.5,0.0,0.5,5.7,0.0,0.0,0.0,0.0,0.0,0.0
2024-07-09 13:00:00,45482.0,0.541666666666667,27.6,74.3,2349,多云~晴,PID,27.5,94.0,0.0,0.0,26.4,34.6,2.3,2.3,0.0,0.0,61.0,1004.1,1001.8,99.0,21.0,11.0,99.0,0.0,0.23,16.6,8.0,4.0,5.4,10.0,28.9,29.1,25.2,19.1,0.318,0.32,0.384,0.307,0.0,0.0,0.0,0.0,0.0,0.0,0.0,0.0,0.0,0.0
2024-07-09 13:30:00,45482.0,0.5625,27.6,73.8,2274,多云~晴,PID,27.35,94.0,0.0,0.0,26.25,34.35,1.2999999999999998,1.2999999999999998,0.0,0.0,56.0,1004.1,1001.8,79.5,12.5,17.0,72.5,0.0,0.23,13.15,177.5,4.0,6.0,182.5,28.6,29.0,25.2,19.1,0.32,0.32,0.384,0.307,0.0,0.0,0.0,0.0,0.0,0.0,0.0,0.0,0.0,0.0
2024-07-09 14:00:00,45482.0,0.583333333333333,26.6,72.9,2272,多云~晴,PID,27.2,94.0,0.0,0.0,26.1,34.1,0.3,0.3,0.0,0.0,51.0,1004.1,1001.8,60.0,4.0,23.0,46.0,0.0,0.23,9.7,347.0,4.0,6.6,355.0,28.3,28.9,25.2,19.1,0.322,0.32,0.384,0.307,0.0,0.0,0.0,0.0,0.0,0.0,0.0,0.0,0.0,0.0
2024-07-09 14:30:00,45482.0,0.604166666666667,26.5,72.3,2354,多云~晴,PID,27.049999999999997,94.5,0.0,0.0,26.05,34.05,0.15,0.15,0.0,0.0,26.5,1004.0,1001.7,57.5,10.5,23.0,38.0,0.0,0.21000000000000002,8.25,336.5,3.15,5.9,348.5,28.05,28.85,25.2,19.1,0.3225,0.32,0.384,0.307,0.0,0.0,0.0,0.0,0.0,0.0,0.0,0.0,0.0,0.0
2024-07-09 15:00:00,45482.0,0.625,25.4,71.4,2307,多云~晴,PID,26.9,95.0,0.0,0.0,26.0,34.0,0.0,0.0,0.0,0.0,2.0,1003.9,1001.6,55.0,17.0,23.0,30.0,0.0,0.19,6.8,326.0,2.3,5.2,342.0,27.8,28.8,25.2,19.1,0.323,0.32,0.384,0.307,0.0,0.0,0.0,0.0,0.0,0.0,0.0,0.0,0.0,0.0
2024-07-09 15:30:00,45482.0,0.645833333333333,25.2,70.7,2310,多云~晴,PID,26.95,94.0,0.0,0.0,25.9,34.05,0.0,0.0,0.0,0.0,2.0,1003.8499999999999,1001.55,56.0,10.0,26.5,33.5,0.0,0.21000000000000002,5.8999999999999995,279.5,1.8,4.4,289.0,27.65,28.700000000000003,25.2,19.1,0.323,0.32,0.384,0.307,0.0,0.0,0.0,0.0,0.0,0.0,0.0,0.0,0.0,0.0
2024-07-09 16:00:00,45482.0,0.666666666666667,25,69.9,2193,多云~晴,PID,27.0,93.0,0.0,0.0,25.8,34.1,0.0,0.0,0.0,0.0,2.0,1003.8,1001.5,57.0,3.0,30.0,37.0,0.0,0.23,5.0,233.0,1.3,3.6,236.0,27.5,28.6,25.2,19.1,0.323,0.32,0.384,0.307,0.0,0.0,0.0,0.0,0.0,0.0,0.0,0.0,0.0,0.0
2024-07-09 16:30:00,45482.0,0.6875,24.7,69.2,2326,多云~晴,PID,26.7,94.5,0.0,0.0,25.75,33.650000000000006,0.05,0.05,0.0,0.0,26.5,1003.75,1001.45,78.5,9.5,60.5,68.5,0.0,0.185,5.9,266.0,2.3,5.1,277.5,27.35,28.55,25.2,19.1,0.3235,0.32,0.3835,0.307,0.0,0.0,0.0,0.0,0.0,0.0,0.0,0.0,0.0,0.0
2024-07-09 17:00:00,45482.0,0.708333333333333,24.5,68.5,2409,多云~晴,PID,26.4,96.0,0.0,0.0,25.7,33.2,0.1,0.1,0.0,0.0,51.0,1003.7,1001.4,100.0,16.0,91.0,100.0,0.0,0.14,6.8,299.0,3.3,6.6,319.0,27.2,28.5,25.2,19.1,0.324,0.32,0.383,0.307,0.0,0.0,0.0,0.0,0.0,0.0,0.0,0.0,0.0,0.0
2024-07-09 17:30:00,45482.0,0.729166666666667,24.2,67.7,2490,多云~晴,PID,26.5,95.5,0.0,0.0,25.65,33.3,0.35,0.35,0.0,0.0,52.0,1003.6,1001.3,100.0,58.0,80.0,100.0,0.0,0.165,10.4,237.5,2.9,6.199999999999999,249.5,27.15,28.4,25.2,19.1,0.328,0.32,0.383,0.307,0.0,0.0,0.0,0.0,0.0,0.0,0.0,0.0,0.0,0.0
2024-07-09 18:00:00,45482.0,0.75,24.8,67.3,2441,多云~晴,PID,26.6,95.0,0.0,0.0,25.6,33.4,0.6,0.6,0.0,0.0,53.0,1003.5,1001.2,100.0,100.0,69.0,100.0,0.0,0.19,14.0,176.0,2.5,5.8,180.0,27.1,28.3,25.2,19.1,0.332,0.32,0.383,0.307,0.0,0.0,0.0,0.0,0.0,0.0,0.0,0.0,0.0,0.0
2024-07-09 18:30:00,45482.0,0.770833333333333,24.5,66.7,2472,多云~晴,PID,26.6,94.0,0.0,0.0,25.450000000000003,32.9,0.7,0.7,0.0,0.0,53.0,1003.5,1001.2,100.0,100.0,74.0,99.5,0.0,0.22,18.35,223.0,5.25,8.85,227.5,27.05,28.25,25.2,19.15,0.337,0.32,0.383,0.307,0.0,0.0,0.0,0.0,0.0,0.0,0.0,0.0,0.0,0.0
2024-07-09 19:00:00,45482.0,0.791666666666667,24.7,66.2,2293,多云~晴,PID,26.6,93.0,0.0,0.0,25.3,32.4,0.8,0.8,0.0,0.0,53.0,1003.5,1001.2,100.0,100.0,79.0,99.0,0.0,0.25,22.7,270.0,8.0,11.9,275.0,27.0,28.2,25.2,19.2,0.342,0.32,0.383,0.307,0.0,0.0,0.0,0.0,0.0,0.0,0.0,0.0,0.0,0.0
2024-07-09 19:30:00,45482.0,0.8125,24.3,65.6,2238,多云~晴,PID,26.25,94.5,0.0,0.0,25.200000000000003,31.799999999999997,0.8500000000000001,0.8500000000000001,0.0,0.0,53.0,1003.7,1001.4000000000001,100.0,99.0,59.5,99.5,0.0,0.2,25.75,283.5,9.25,14.649999999999999,286.0,26.9,28.1,25.2,19.2,0.34750000000000003,0.3205,0.383,0.307,0.0,0.0,0.0,0.0,0.0,0.0,0.0,0.0,0.0,0.0
2024-07-09 20:00:00,45482.0,0.833333333333333,23.1,64.9,2252,多云~晴,PID,25.9,96.0,0.0,0.0,25.1,31.2,0.9,0.9,0.0,0.0,53.0,1003.9,1001.6,100.0,98.0,40.0,100.0,0.0,0.15,28.8,297.0,10.5,17.4,297.0,26.8,28.0,25.2,19.2,0.353,0.321,0.383,0.307,0.0,0.0,0.0,0.0,0.0,0.0,0.0,0.0,0.0,0.0
2024-07-09 20:30:00,45482.0,0.854166666666667,22.7,64.5,2298,多云~晴,PID,25.799999999999997,95.5,0.0,0.0,24.950000000000003,31.0,1.65,1.65,0.0,0.0,57.0,1003.8499999999999,1001.55,100.0,99.0,70.0,100.0,0.0,0.165,27.700000000000003,275.0,10.5,17.9,272.5,26.65,27.95,25.2,19.2,0.3685,0.321,0.383,0.307,0.0,0.0,0.0,0.0,0.0,0.0,0.0,0.0,0.0,0.0
2024-07-09 21:00:00,45482.0,0.875,21.9,64.0,2364,多云~晴,PID,25.7,95.0,0.0,0.0,24.8,30.8,2.4,2.4,0.0,0.0,61.0,1003.8,1001.5,100.0,100.0,100.0,100.0,0.0,0.18,26.6,253.0,10.5,18.4,248.0,26.5,27.9,25.2,19.2,0.384,0.321,0.383,0.307,0.0,0.0,0.0,0.0,0.0,0.0,0.0,0.0,0.0,0.0
2024-07-09 21:30:00,45482.0,0.895833333333333,21.6,63.8,2302,多云~晴,PID,25.7,95.0,0.0,2.5,24.8,30.9,3.3499999999999996,3.3499999999999996,0.0,0.0,62.0,1003.95,1001.65,100.0,100.0,92.0,100.0,0.01,0.175,24.8,253.5,9.7,16.9,248.5,26.4,27.799999999999997,25.2,19.2,0.4075,0.3235,0.383,0.307,2.5,0.0,2.5,49.7,109.75000000000001,3.5,0.0,5.5,0.0,5.5
2024-07-09 22:00:00,45482.0,0.916666666666667,21.4,63.7,2194,多云~晴,PID,25.7,95.0,0.0,5.0,24.8,31.0,4.3,4.3,0.0,0.0,63.0,1004.1,1001.8,100.0,100.0,84.0,100.0,0.02,0.17,23.0,254.0,8.9,15.4,249.0,26.3,27.7,25.2,19.2,0.431,0.326,0.383,0.307,5.0,0.0,5.0,99.4,219.5,7.0,0.0,11.0,0.0,11.0
2024-07-09 22:30:00,45482.0,0.9375,21.2,63.7,2182,多云~晴,PID,25.65,95.5,0.0,14.0,24.85,30.9,5.0,5.0,0.0,0.0,63.0,1004.4000000000001,1002.0999999999999,100.0,100.0,92.0,100.0,0.025,0.15000000000000002,21.75,249.5,9.2,14.65,245.0,26.3,27.6,25.2,19.2,0.4275,0.3395,0.383,0.307,14.0,0.0,14.0,227.15,354.45,19.35,0.0,21.35,0.0,21.35
2024-07-09 23:00:00,45482.0,0.958333333333333,21,63.8,2253,多云~晴,PID,25.6,96.0,0.0,23.0,24.9,30.8,5.7,5.7,0.0,0.0,63.0,1004.7,1002.4,100.0,100.0,100.0,100.0,0.03,0.13,20.5,245.0,9.5,13.9,241.0,26.3,27.5,25.2,19.2,0.424,0.353,0.383,0.307,23.0,0.0,23.0,354.9,489.4,31.7,0.0,31.7,0.0,31.7
2024-07-09 23:30:00,45482.0,0.979166666666667,20.9,64.0,2283,多云~晴,PID,25.65,96.0,0.0,39.0,24.95,30.9,3.5,3.5,0.0,0.0,62.0,1004.9000000000001,1002.5999999999999,100.0,100.0,92.5,81.0,0.04,0.135,21.05,245.0,9.8,13.9,242.0,26.3,27.45,25.2,19.2,0.4245,0.356,0.383,0.307,39.0,0.0,39.0,486.8,616.7,48.89999999999999,0.0,48.89999999999999,0.0,48.89999999999999
2024-07-10 00:00:00,45483.0,0.0,20.9,64.1,2275,多云~晴,PID,25.7,96.0,0.0,55.0,25.0,31.0,1.3,1.3,0.0,0.0,61.0,1005.1,1002.8,100.0,100.0,85.0,62.0,0.05,0.14,21.6,245.0,10.1,13.9,243.0,26.3,27.4,25.2,19.2,0.425,0.359,0.383,0.307,55.0,0.0,55.0,618.7,744.0,66.1,0.0,66.1,0.0,66.1
2024-07-10 00:30:00,45483.0,0.0208333333333333,20.8,64.4,2163,多云~晴,PID,26.4,91.0,12.5,115.5,24.75,31.35,0.8,0.8,0.0,0.0,56.0,1004.9000000000001,1002.5999999999999,100.0,99.5,92.5,52.5,0.10500000000000001,0.325,23.05,272.0,11.55,15.55,270.5,26.8,27.5,25.25,19.2,0.4185,0.34099999999999997,0.383,0.307,128.0,19.25,128.0,738.55,855.0500000000001,146.14999999999998,21.7,132.1,14.050000000000002,146.14999999999998
2024-07-10 01:00:00,45483.0,0.0416666666666667,20.8,64.8,2358,多云~晴,PID,27.1,86.0,25.0,176.0,24.5,31.7,0.3,0.3,0.0,0.0,51.0,1004.7,1002.4,100.0,99.0,100.0,43.0,0.16,0.51,24.5,299.0,13.0,17.2,298.0,27.3,27.6,25.3,19.2,0.412,0.323,0.383,0.307,201.0,38.5,201.0,858.4,966.1,226.2,43.4,198.1,28.1,226.2
2024-07-10 01:30:00,45483.0,0.0625,20.8,65.3,2226,多云~晴,PID,27.0,87.0,16.5,150.5,24.6,31.85,0.44999999999999996,0.44999999999999996,0.0,0.0,52.0,1004.6500000000001,1002.3499999999999,100.0,65.5,100.0,61.0,0.135,0.47,24.15,302.5,11.5,15.3,303.0,27.25,27.55,25.3,19.2,0.4105,0.3245,0.383,0.307,167.0,24.25,167.0,958.05,1053.25,184.8,27.1,166.45000000000002,18.35,184.8
2024-07-10 02:00:00,45483.0,0.0833333333333333,20.8,65.8,2276,多云~晴,PID,26.9,88.0,8.0,125.0,24.7,32.0,0.6,0.6,0.0,0.0,53.0,1004.6,1002.3,100.0,32.0,100.0,79.0,0.11,0.43,23.8,306.0,10.0,13.4,308.0,27.2,27.5,25.3,19.2,0.409,0.326,0.383,0.307,133.0,10.0,133.0,1057.7,1140.4,143.4,10.8,134.8,8.6,143.4
2024-07-10 02:30:00,45483.0,0.104166666666667,20.9,66.4,2183,多云~晴,PID,27.1,87.5,51.0,165.5,24.799999999999997,32.35,0.55,0.55,0.0,0.0,53.0,1004.6500000000001,1002.3499999999999,100.0,43.0,100.0,83.5,0.165,0.46,27.55,312.5,9.45,12.2,314.0,27.45,27.45,25.3,19.2,0.408,0.327,0.383,0.307,216.5,56.7,216.5,1130.4,1197.75,228.2,59.35000000000001,174.85000000000002,53.35,228.2
2024-07-10 03:00:00,45483.0,0.125,21,67.0,2301,多云~晴,PID,27.3,87.0,94.0,206.0,24.9,32.7,0.5,0.5,0.0,0.0,53.0,1004.7,1002.4,100.0,54.0,100.0,88.0,0.22,0.49,31.3,319.0,8.9,11.0,320.0,27.7,27.4,25.3,19.2,0.407,0.328,0.383,0.307,300.0,103.4,300.0,1203.1,1255.1,313.0,107.9,214.9,98.1,313.0
2024-07-10 03:30:00,45483.0,0.145833333333333,21.1,67.7,2295,多云~晴,PID,27.25,87.0,50.5,198.5,24.9,32.8,0.35,0.35,0.0,0.0,52.0,1004.6500000000001,1002.3499999999999,100.0,61.0,89.5,94.0,0.19,0.475,31.15,319.0,7.75,9.6,319.5,27.75,27.4,25.3,19.2,0.40449999999999997,0.329,0.383,0.307,249.0,55.300000000000004,249.0,1243.85,1278.75,256.85,57.6,204.3,52.599999999999994,256.85
2024-07-10 04:00:00,45483.0,0.166666666666667,21.3,68.4,2247,多云~晴,PID,27.2,87.0,7.0,191.0,24.9,32.9,0.2,0.2,0.0,0.0,51.0,1004.6,1002.3,100.0,68.0,79.0,100.0,0.16,0.46,31.0,319.0,6.6,8.2,319.0,27.8,27.4,25.3,19.2,0.402,0.33,0.383,0.307,198.0,7.2,198.0,1284.6,1302.4,200.7,7.3,193.7,7.1,200.7
2024-07-10 04:30:00,45483.0,0.1875,21.6,69.2,2314,多云~晴,PID,27.299999999999997,86.5,11.0,209.0,24.85,32.95,0.2,0.2,0.0,0.0,51.0,1004.55,1002.25,100.0,84.0,89.5,73.5,0.17500000000000002,0.485,22.9,318.5,6.75,8.45,318.0,27.950000000000003,27.4,25.3,19.2,0.4005,0.331,0.383,0.307,220.0,11.25,220.0,1290.6,1290.75,219.7,11.2,208.8,10.950000000000001,219.7
2024-07-10 05:00:00,45483.0,0.208333333333333,21.8,69.9,2318,多云~晴,PID,27.4,86.0,15.0,227.0,24.8,33.0,0.2,0.2,0.0,0.0,51.0,1004.5,1002.2,100.0,100.0,100.0,47.0,0.19,0.51,14.8,318.0,6.9,8.7,317.0,28.1,27.4,25.3,19.2,0.399,0.332,0.383,0.307,242.0,15.3,242.0,1296.6,1279.1,238.7,15.1,223.9,14.8,238.7
2024-07-10 05:30:00,45483.0,0.229166666666667,22.1,70.6,2233,多云~晴,PID,27.0,88.5,7.5,164.0,24.85,32.55,0.9000000000000001,0.9000000000000001,0.0,0.0,56.0,1004.45,1002.1500000000001,100.0,99.0,100.0,73.0,0.14,0.41500000000000004,15.3,333.0,7.5,9.5,332.0,27.85,27.4,25.3,19.2,0.40549999999999997,0.333,0.383,0.307,171.5,7.650000000000001,171.5,1267.5,1232.85,167.75,7.550000000000001,160.35,7.400000000000001,167.75
2024-07-10 06:00:00,45483.0,0.25,22.4,71.3,2470,多云~晴,PID,26.6,91.0,0.0,101.0,24.9,32.1,1.6,1.6,0.0,0.0,61.0,1004.4,1002.1,100.0,98.0,100.0,99.0,0.09,0.32,15.8,348.0,8.1,10.3,347.0,27.6,27.4,25.3,19.2,0.412,0.334,0.383,0.307,101.0,0.0,101.0,1238.4,1186.6,96.8,0.0,96.8,0.0,96.8
2024-07-10 06:30:00,45483.0,0.270833333333333,22.8,72.0,2522,多云~晴,PID,26.5,91.5,2.5,95.0,24.95,32.150000000000006,2.0,2.0,0.0,0.0,61.0,1004.3499999999999,1002.05,100.0,61.0,100.0,99.5,0.08499999999999999,0.30000000000000004,18.700000000000003,180.0,7.35,9.4,180.0,27.450000000000003,27.4,25.3,19.2,0.421,0.336,0.383,0.307,97.5,2.95,97.5,1176.1,1109.0,91.9,2.75,89.6,2.3,91.9
2024-07-10 07:00:00,45483.0,0.291666666666667,23.1,72.7,2426,多云~晴,PID,26.4,92.0,5.0,89.0,25.0,32.2,2.4,2.4,0.0,0.0,61.0,1004.3,1002.0,100.0,24.0,100.0,100.0,0.08,0.28,21.6,12.0,6.6,8.5,13.0,27.3,27.4,25.3,19.2,0.43,0.338,0.383,0.307,94.0,5.9,94.0,1113.8,1031.4,87.0,5.5,82.4,4.6,87.0
2024-07-10 07:30:00,45483.0,0.3125,23.4,73.2,2538,多云~晴,PID,26.299999999999997,91.5,2.5,72.5,24.85,32.2,2.3499999999999996,2.3499999999999996,0.0,0.0,61.0,1004.0999999999999,1001.8,100.0,14.5,100.0,100.0,0.07,0.28500000000000003,20.700000000000003,25.5,5.199999999999999,6.8,31.0,27.15,27.35,25.3,19.2,0.432,0.34299999999999997,0.383,0.307,75.0,2.95,75.0,1022.5999999999999,927.6500000000001,68.25,2.75,65.95,2.3,68.25
2024-07-10 08:00:00,45483.0,0.333333333333333,24.5,74.0,2310,多云~晴,PID,26.2,91.0,0.0,56.0,24.7,32.2,2.3,2.3,0.0,0.0,61.0,1003.9,1001.6,100.0,5.0,100.0,100.0,0.06,0.29,19.8,39.0,3.8,5.1,49.0,27.0,27.3,25.3,19.2,0.434,0.348,0.383,0.307,56.0,0.0,56.0,931.4,823.9,49.5,0.0,49.5,0.0,49.5
2024-07-10 08:30:00,45483.0,0.354166666666667,24.8,74.4,2308,多云~晴,PID,26.299999999999997,90.5,2.0,71.5,24.7,32.45,2.0999999999999996,2.0999999999999996,0.0,0.0,61.0,1003.75,1001.45,98.5,14.5,95.0,89.5,0.07,0.315,18.700000000000003,47.5,2.8499999999999996,3.8499999999999996,58.5,27.0,27.25,25.3,19.2,0.4325,0.3525,0.383,0.307,73.5,3.75,73.5,817.5,701.0999999999999,62.15,3.1,60.5,1.6499999999999997,62.15
2024-07-10 09:00:00,45483.0,0.375,26,75.0,2334,多云~晴,PID,26.4,90.0,4.0,87.0,24.7,32.7,1.9,1.9,0.0,0.0,61.0,1003.6,1001.3,97.0,24.0,90.0,79.0,0.08,0.34,17.6,56.0,1.9,2.6,68.0,27.0,27.2,25.3,19.2,0.431,0.357,0.383,0.307,91.0,7.5,91.0,703.6,578.3,74.8,6.2,71.5,3.3,74.8
2024-07-10 09:30:00,45483.0,0.395833333333333,26.3,75.2,2322,多云~晴,PID,26.549999999999997,89.5,7.0,85.5,24.65,32.8,1.25,1.25,0.0,0.0,57.0,1003.55,1001.25,98.5,20.0,95.0,89.0,0.07500000000000001,0.37000000000000005,11.850000000000001,82.0,1.9,2.45,90.0,27.05,27.2,25.3,19.2,0.427,0.3595,0.383,0.3075,92.5,18.6,92.5,574.75,444.84999999999997,70.19999999999999,13.45,65.1,5.1499999999999995,70.19999999999999
2024-07-10 10:00:00,45483.0,0.416666666666667,25.8,75.2,2338,多云~晴,PID,26.7,89.0,10.0,84.0,24.6,32.9,0.6,0.6,0.0,0.0,53.0,1003.5,1001.2,100.0,16.0,100.0,99.0,0.07,0.4,6.1,108.0,1.9,2.3,112.0,27.1,27.2,25.3,19.2,0.423,0.362,0.383,0.308,94.0,29.7,94.0,445.9,311.4,65.6,20.7,58.7,7.0,65.6
2024-07-10 10:30:00,45483.0,0.4375,26,75.2,2213,多云~晴,PID,26.45,90.0,5.0,48.5,24.65,32.55,1.25,1.25,0.0,0.0,57.0,1003.75,1001.45,100.0,20.5,100.0,82.0,0.045000000000000005,0.35,6.3,124.5,2.8499999999999996,4.6,125.5,26.9,27.15,25.3,19.2,0.427,0.365,0.383,0.308,53.5,14.849999999999998,53.5,310.85,176.35,34.099999999999994,10.35,30.900000000000002,3.5,34.349999999999994
2024-07-10 11:00:00,45483.0,0.458333333333333,25.4,74.9,2459,多云~晴,PID,26.2,91.0,0.0,13.0,24.7,32.2,1.9,1.9,0.0,0.0,61.0,1004.0,1001.7,100.0,25.0,100.0,65.0,0.02,0.3,6.5,141.0,3.8,6.9,139.0,26.7,27.1,25.3,19.2,0.431,0.368,0.383,0.308,13.0,0.0,13.0,175.8,41.3,2.6,0.0,3.1,0.0,3.1
2024-07-10 11:30:00,45483.0,0.479166666666667,25.5,74.8,2569,多云~晴,PID,26.1,92.0,0.0,6.5,24.75,32.1,1.4,1.4,0.0,0.0,57.0,1004.15,1001.85,100.0,17.5,100.0,82.5,0.015,0.265,7.75,135.0,3.8,6.9,135.0,26.5,27.05,25.3,19.2,0.4295,0.3705,0.383,0.308,6.5,0.0,6.5,93.35000000000001,20.65,1.3,0.0,1.55,0.0,1.55
2024-07-10 12:00:00,45483.0,0.5,26.3,74.7,2400,多云~晴,PID,26.0,93.0,0.0,0.0,24.8,32.0,0.9,0.9,0.0,0.0,53.0,1004.3,1002.0,100.0,10.0,100.0,100.0,0.01,0.23,9.0,129.0,3.8,6.9,131.0,26.3,27.0,25.3,19.2,0.428,0.373,0.383,0.308,0.0,0.0,0.0,10.9,0.0,0.0,0.0,0.0,0.0,0.0
2024-07-10 12:30:00,45483.0,0.520833333333333,26.4,74.4,2465,多云~晴,PID,25.95,93.5,0.0,0.0,24.8,32.15,0.75,0.75,0.0,0.0,53.0,1004.8,1002.5,100.0,9.0,100.0,94.5,0.005,0.22,5.75,218.0,2.8499999999999996,4.35,211.5,26.200000000000003,26.8,25.25,19.25,0.4305,0.403,0.3885,0.308,0.0,0.0,0.0,5.45,0.0,0.0,0.0,0.0,0.0,0.0
2024-07-10 13:00:00,45483.0,0.541666666666667,27.2,74.2,2344,多云~晴,PID,25.9,94.0,0.0,0.0,24.8,32.3,0.6,0.6,0.0,0.0,53.0,1005.3,1003.0,100.0,8.0,100.0,89.0,0.0,0.21,2.5,307.0,1.9,1.8,292.0,26.1,26.6,25.2,19.3,0.433,0.433,0.394,0.308,0.0,0.0,0.0,0.0,0.0,0.0,0.0,0.0,0.0,0.0
2024-07-10 13:30:00,45483.0,0.5625,27.2,73.8,2314,多云~晴,PID,25.85,93.5,0.0,0.0,24.75,32.099999999999994,0.44999999999999996,0.44999999999999996,0.0,0.0,52.0,1005.25,1002.95,100.0,6.0,100.0,94.5,0.0,0.215,3.95,316.0,2.5,3.75,308.0,26.0,26.6,25.2,19.3,0.4325,0.4325,0.394,0.308,0.0,0.0,0.0,0.0,0.0,0.0,0.0,0.0,0.0,0.0
2024-07-10 14:00:00,45483.0,0.583333333333333,26.5,73.0,2350,多云~晴,PID,25.8,93.0,0.0,0.0,24.7,31.9,0.3,0.3,0.0,0.0,51.0,1005.2,1002.9,100.0,4.0,100.0,100.0,0.0,0.22,5.4,325.0,3.1,5.7,324.0,25.9,26.6,25.2,19.3,0.432,0.432,0.394,0.308,0.0,0.0,0.0,0.0,0.0,0.0,0.0,0.0,0.0,0.0
2024-07-10 14:30:00,45483.0,0.604166666666667,26.4,72.4,2262,多云~晴,PID,25.8,93.0,0.0,0.0,24.65,31.799999999999997,0.2,0.2,0.0,0.0,51.0,1005.0,1002.7,100.0,3.0,98.5,100.0,0.0,0.22999999999999998,6.1,324.0,3.5999999999999996,6.7,323.0,25.799999999999997,26.55,25.2,19.3,0.43,0.4315,0.3945,0.308,0.0,0.0,0.0,0.0,0.0,0.0,0.0,0.0,0.0,0.0
2024-07-10 15:00:00,45483.0,0.625,25.4,71.5,2324,多云~晴,PID,25.8,93.0,0.0,0.0,24.6,31.7,0.1,0.1,0.0,0.0,51.0,1004.8,1002.5,100.0,2.0,97.0,100.0,0.0,0.24,6.8,323.0,4.1,7.7,322.0,25.7,26.5,25.2,19.3,0.428,0.431,0.395,0.308,0.0,0.0,0.0,0.0,0.0,0.0,0.0,0.0,0.0,0.0
2024-07-10 15:30:00,45483.0,0.645833333333333,25.3,70.8,2286,多云~晴,PID,25.6,94.0,0.0,0.0,24.55,31.549999999999997,0.1,0.1,0.0,0.0,51.0,1004.75,1002.45,100.0,14.5,90.0,100.0,0.0,0.20500000000000002,7.0,323.5,3.6999999999999997,7.2,320.5,25.65,26.45,25.2,19.3,0.427,0.4305,0.3955,0.308,0.0,0.0,0.0,0.0,0.0,0.0,0.0,0.0,0.0,0.0
2024-07-10 16:00:00,45483.0,0.666666666666667,25,70.0,2209,多云~晴,PID,25.4,95.0,0.0,0.0,24.5,31.4,0.1,0.1,0.0,0.0,51.0,1004.7,1002.4,100.0,27.0,83.0,100.0,0.0,0.17,7.2,324.0,3.3,6.7,319.0,25.6,26.4,25.2,19.3,0.426,0.43,0.396,0.308,0.0,0.0,0.0,0.0,0.0,0.0,0.0,0.0,0.0,0.0
2024-07-10 16:30:00,45483.0,0.6875,24.8,69.3,2335,多云~晴,PID,25.1,95.0,0.0,0.0,24.2,30.4,0.15000000000000002,0.15000000000000002,0.0,0.0,51.0,1004.45,1002.15,100.0,23.5,91.5,99.5,0.0,0.165,11.350000000000001,339.0,6.35,10.6,337.5,25.5,26.35,25.2,19.3,0.4255,0.4295,0.396,0.308,0.0,0.0,0.0,0.0,0.0,0.0,0.0,0.0,0.0,0.0
2024-07-10 17:00:00,45483.0,0.708333333333333,24.5,68.5,2568,多云~晴,PID,24.8,95.0,0.0,0.0,23.9,29.4,0.2,0.2,0.0,0.0,51.0,1004.2,1001.9,100.0,20.0,100.0,99.0,0.0,0.16,15.5,354.0,9.4,14.5,356.0,25.4,26.3,25.2,19.3,0.425,0.429,0.396,0.308,0.0,0.0,0.0,0.0,0.0,0.0,0.0,0.0,0.0,0.0
2024-07-10 17:30:00,45483.0,0.729166666666667,24.2,67.8,2457,多云~晴,PID,24.3,92.5,0.0,0.0,22.95,28.4,0.15000000000000002,0.15000000000000002,0.0,0.0,51.0,1003.95,1001.65,100.0,17.0,100.0,98.5,0.0,0.22999999999999998,17.1,180.0,9.2,14.5,179.0,25.15,26.25,25.2,19.3,0.424,0.4285,0.3965,0.308,0.0,0.0,0.0,0.0,0.0,0.0,0.0,0.0,0.0,0.0
2024-07-10 18:00:00,45483.0,0.75,24.5,67.3,2397,多云~晴,PID,23.8,90.0,0.0,0.0,22.0,27.4,0.1,0.1,0.0,0.0,51.0,1003.7,1001.4,100.0,14.0,100.0,98.0,0.0,0.3,18.7,6.0,9.0,14.5,2.0,24.9,26.2,25.2,19.3,0.423,0.428,0.397,0.308,0.0,0.0,0.0,0.0,0.0,0.0,0.0,0.0,0.0,0.0
2024-07-10 18:30:00,45483.0,0.770833333333333,24.2,66.7,2390,多云~晴,PID,23.4,91.0,0.0,0.0,21.8,26.95,0.2,0.2,0.0,0.0,51.0,1003.6,1001.3,100.0,57.0,100.0,99.0,0.0,0.265,20.35,4.5,8.65,14.8,180.0,24.65,26.1,25.2,19.3,0.4235,0.4275,0.397,0.308,0.0,0.0,0.0,0.0,0.0,0.0,0.0,0.0,0.0,0.0
2024-07-10 19:00:00,45483.0,0.791666666666667,24.4,66.2,2216,多云~晴,PID,23.0,92.0,0.0,0.0,21.6,26.5,0.3,0.3,0.0,0.0,51.0,1003.5,1001.2,100.0,100.0,100.0,100.0,0.0,0.23,22.0,3.0,8.3,15.1,358.0,24.4,26.0,25.2,19.3,0.424,0.427,0.397,0.308,0.0,0.0,0.0,0.0,0.0,0.0,0.0,0.0,0.0,0.0
2024-07-10 19:30:00,45483.0,0.8125,24.1,65.7,2300,多云~晴,PID,23.0,92.5,0.0,0.0,21.65,26.55,0.8,0.8,0.0,0.0,56.0,1003.5,1001.2,100.0,100.0,100.0,100.0,0.0,0.22,18.55,4.5,8.100000000000001,14.45,180.5,24.25,25.95,25.2,19.3,0.43,0.427,0.397,0.308,0.0,0.0,0.0,0.0,0.0,0.0,0.0,0.0,0.0,0.0
2024-07-10 20:00:00,45483.0,0.833333333333333,23.1,65.0,2274,多云~晴,PID,23.0,93.0,0.0,0.0,21.7,26.6,1.3,1.3,0.0,0.0,61.0,1003.5,1001.2,100.0,100.0,100.0,100.0,0.0,0.21,15.1,6.0,7.9,13.8,3.0,24.1,25.9,25.2,19.3,0.436,0.427,0.397,0.308,0.0,0.0,0.0,0.0,0.0,0.0,0.0,0.0,0.0,0.0
2024-07-10 20:30:00,45483.0,0.854166666666667,22.8,64.6,2248,多云~晴,PID,22.8,91.5,0.0,0.0,21.25,26.0,1.7999999999999998,1.7999999999999998,0.0,0.0,61.0,1003.8,1001.5,100.0,100.0,100.0,100.0,0.0,0.245,17.45,178.0,8.95,14.950000000000001,175.0,23.950000000000003,25.799999999999997,25.2,19.3,0.4375,0.4305,0.3975,0.308,0.0,0.0,0.0,0.0,0.0,0.0,0.0,0.0,0.0,0.0
2024-07-10 21:00:00,45483.0,0.875,22,64.2,2354,多云~晴,PID,22.6,90.0,0.0,0.0,20.8,25.4,2.3,2.3,0.0,0.0,61.0,1004.1,1001.8,100.0,100.0,100.0,100.0,0.0,0.28,19.8,350.0,10.0,16.1,347.0,23.8,25.7,25.2,19.3,0.439,0.434,0.398,0.308,0.0,0.0,0.0,0.0,0.0,0.0,0.0,0.0,0.0,0.0
2024-07-10 21:30:00,45483.0,0.895833333333333,21.7,64.0,2397,多云~晴,PID,22.450000000000003,90.5,0.0,1.5,20.75,25.4,3.55,3.55,0.0,0.0,62.0,1004.25,1001.95,100.0,63.5,100.0,100.0,0.015000000000000001,0.265,18.700000000000003,176.5,8.95,15.25,352.0,23.65,25.6,25.2,19.3,0.439,0.4365,0.3995,0.308,1.5,0.0,1.5,49.2,108.70000000000002,2.1,0.0,3.2999999999999994,0.0,3.2999999999999994
2024-07-10 22:00:00,45483.0,0.916666666666667,21.5,63.9,2300,多云~晴,PID,22.3,91.0,0.0,3.0,20.7,25.4,4.8,4.8,0.0,0.0,63.0,1004.4,1002.1,100.0,27.0,100.0,100.0,0.03,0.25,17.6,3.0,7.9,14.4,357.0,23.5,25.5,25.2,19.3,0.439,0.439,0.401,0.308,3.0,0.0,3.0,98.4,217.4,4.2,0.0,6.6,0.0,6.6
2024-07-10 22:30:00,45483.0,0.9375,21.2,63.9,2216,多云~晴,PID,22.35,91.5,0.0,8.0,20.85,25.549999999999997,4.65,4.65,0.0,0.0,63.0,1004.45,1002.1500000000001,100.0,25.5,100.0,100.0,0.03,0.24,16.200000000000003,9.0,7.6,13.350000000000001,184.0,23.45,25.45,25.2,19.3,0.439,0.439,0.4035,0.308,8.0,0.0,8.0,225.7,352.5,11.100000000000001,0.0,12.3,0.0,12.3
2024-07-10 23:00:00,45483.0,0.958333333333333,21.1,64.0,2190,多云~晴,PID,22.4,92.0,0.0,13.0,21.0,25.7,4.5,4.5,0.0,0.0,63.0,1004.5,1002.2,100.0,24.0,100.0,100.0,0.03,0.23,14.8,15.0,7.3,12.3,11.0,23.4,25.4,25.2,19.3,0.439,0.439,0.406,0.308,13.0,0.0,13.0,353.0,487.6,18.0,0.0,18.0,0.0,18.0
2024-07-10 23:30:00,45483.0,0.979166666666667,20.9,64.1,2271,多云~晴,PID,22.549999999999997,92.0,0.0,25.5,21.1,25.95,4.4,4.4,0.0,0.0,63.0,1004.55,1002.25,100.0,13.5,100.0,100.0,0.035,0.23,14.8,16.5,7.05,10.850000000000001,14.5,23.4,25.299999999999997,25.15,19.3,0.4385,0.4385,0.4085,0.308,25.5,0.0,25.5,485.0,615.05,31.85,0.0,31.85,0.0,31.85
2024-07-11 00:00:00,45484.0,0.0,19.5,66.9,2242,阴~大雨,PID,22.7,92.0,0.0,38.0,21.2,26.2,4.3,4.3,0.0,0.0,63.0,1004.6,1002.3,100.0,3.0,100.0,100.0,0.04,0.23,14.8,18.0,6.8,9.4,18.0,23.4,25.2,25.1,19.3,0.438,0.438,0.411,0.308,38.0,0.0,38.0,617.0,742.5,45.7,0.0,45.7,0.0,45.7
2024-07-11 00:30:00,45484.0,0.0208333333333333,19.5,67.3,2101,阴~大雨,PID,22.7,92.5,0.0,44.0,21.35,26.1,4.25,4.25,0.0,0.0,63.0,1004.6,1002.3,100.0,4.0,100.0,100.0,0.045,0.21000000000000002,15.5,27.0,7.9,11.8,23.5,23.4,25.15,25.1,19.3,0.4385,0.4385,0.4145,0.308,44.0,0.0,44.0,737.05,853.7,51.0,0.0,51.0,0.0,51.0
2024-07-11 01:00:00,45484.0,0.0416666666666667,19.5,67.8,2259,阴~大雨,PID,22.7,93.0,0.0,50.0,21.5,26.0,4.2,4.2,0.0,0.0,63.0,1004.6,1002.3,100.0,5.0,100.0,100.0,0.05,0.19,16.2,36.0,9.0,14.2,29.0,23.4,25.1,25.1,19.3,0.439,0.439,0.418,0.308,50.0,0.0,50.0,857.1,964.9,56.3,0.0,56.3,0.0,56.3
2024-07-11 01:30:00,45484.0,0.0625,19.5,68.3,2164,阴~大雨,PID,23.0,92.5,0.0,57.5,21.65,26.4,4.85,4.85,0.0,0.0,63.0,1004.7,1002.4,100.0,13.5,98.5,100.0,0.055,0.215,16.2,50.5,8.95,13.45,46.0,23.5,25.05,25.1,19.3,0.4385,0.439,0.4205,0.3085,57.5,0.0,57.5,956.9000000000001,1052.2,63.199999999999996,0.0,63.199999999999996,0.0,63.199999999999996
2024-07-11 02:00:00,45484.0,0.0833333333333333,19.6,68.9,2245,阴~大雨,PID,23.3,92.0,0.0,65.0,21.8,26.8,5.5,5.5,0.0,0.0,63.0,1004.8,1002.5,100.0,22.0,97.0,100.0,0.06,0.24,16.2,65.0,8.9,12.7,63.0,23.6,25.0,25.1,19.3,0.438,0.439,0.423,0.309,65.0,0.0,65.0,1056.7,1139.5,70.1,0.0,70.1,0.0,70.1
2024-07-11 02:30:00,45484.0,0.104166666666667,19.7,69.6,2302,阴~大雨,PID,23.35,89.5,0.0,80.0,21.450000000000003,26.6,4.05,4.05,0.0,0.0,63.0,1004.5999999999999,1002.3,100.0,13.5,98.5,100.0,0.075,0.31,19.6,75.0,9.350000000000001,14.1,73.5,23.65,24.95,25.1,19.3,0.4375,0.4385,0.4245,0.309,80.0,0.0,80.0,1129.5,1197.0,84.6,0.0,84.6,0.0,84.6
2024-07-11 03:00:00,45484.0,0.125,19.9,70.3,2316,阴~大雨,PID,23.4,87.0,0.0,95.0,21.1,26.4,2.6,2.6,0.0,0.0,63.0,1004.4,1002.1,100.0,5.0,100.0,100.0,0.09,0.38,23.0,85.0,9.8,15.5,84.0,23.7,24.9,25.1,19.3,0.437,0.438,0.426,0.309,95.0,0.0,95.0,1202.3,1254.5,99.1,0.0,99.1,0.0,99.1
2024-07-11 03:30:00,45484.0,0.145833333333333,20.1,71.0,2231,阴~大雨,PID,23.15,86.5,0.0,96.5,20.8,25.85,2.25,2.25,0.0,0.0,62.0,1004.2,1001.9000000000001,100.0,2.5,100.0,100.0,0.09,0.385,21.75,90.0,10.7,16.25,89.5,23.65,24.85,25.1,19.3,0.437,0.438,0.427,0.309,96.5,0.0,96.5,1243.15,1278.25,99.25,0.0,99.25,0.0,99.25
2024-07-11 04:00:00,45484.0,0.166666666666667,20.3,71.7,2201,阴~大雨,PID,22.9,86.0,0.0,98.0,20.5,25.3,1.9,1.9,0.0,0.0,61.0,1004.0,1001.7,100.0,0.0,100.0,100.0,0.09,0.39,20.5,95.0,11.6,17.0,95.0,23.6,24.8,25.1,19.3,0.437,0.438,0.428,0.309,98.0,0.0,98.0,1284.0,1302.0,99.4,0.0,99.4,0.0,99.4
2024-07-11 04:30:00,45484.0,0.1875,20.6,72.5,2285,阴~大雨,PID,23.0,84.5,2.0,116.5,20.35,25.85,1.75,1.75,0.0,0.0,61.0,1004.4,1002.1,100.0,50.0,100.0,100.0,0.1,0.43,20.85,223.5,8.05,11.05,220.5,23.700000000000003,24.75,25.1,19.3,0.4345,0.4385,0.4285,0.309,118.5,2.05,118.5,1290.1,1290.35,118.25,2.0,116.3,1.9499999999999997,118.25
2024-07-11 05:00:00,45484.0,0.208333333333333,20.9,73.2,2267,阴~大雨,PID,23.1,83.0,4.0,135.0,20.2,26.4,1.6,1.6,0.0,0.0,61.0,1004.8,1002.5,100.0,100.0,100.0,100.0,0.11,0.47,21.2,352.0,4.5,5.1,346.0,23.8,24.7,25.1,19.3,0.432,0.439,0.429,0.309,139.0,4.1,139.0,1296.2,1278.7,137.1,4.0,133.2,3.9,137.1
2024-07-11 05:30:00,45484.0,0.229166666666667,21.2,73.9,2199,阴~大雨,PID,23.1,82.0,2.5,150.0,19.95,26.049999999999997,1.25,1.25,0.0,0.0,57.0,1004.3,1002.0,100.0,55.0,100.0,100.0,0.125,0.5,19.95,220.0,5.85,7.3999999999999995,215.0,23.85,24.7,25.1,19.3,0.431,0.438,0.4295,0.309,152.5,2.5999999999999996,152.5,1267.15,1232.5,148.1,2.5,145.64999999999998,2.45,148.1
2024-07-11 06:00:00,45484.0,0.25,21.5,74.6,2471,阴~大雨,PID,23.1,81.0,1.0,165.0,19.7,25.7,0.9,0.9,0.0,0.0,53.0,1003.8,1001.5,100.0,10.0,100.0,100.0,0.14,0.53,18.7,88.0,7.2,9.7,84.0,23.9,24.7,25.1,19.3,0.43,0.437,0.43,0.309,166.0,1.1,166.0,1238.1,1186.3,159.1,1.0,158.1,1.0,159.1
2024-07-11 06:30:00,45484.0,0.270833333333333,21.9,75.2,2392,阴~大雨,PID,22.950000000000003,81.5,1.0,149.5,19.6,25.45,1.15,1.15,0.0,0.0,57.0,1003.5,1001.2,100.0,5.0,100.0,100.0,0.13,0.52,16.75,73.5,7.800000000000001,10.5,71.5,23.85,24.65,25.05,19.3,0.4345,0.4365,0.43,0.3095,150.5,1.15,150.5,1175.8,1108.65,142.05,1.05,141.1,0.95,142.05
2024-07-11 07:00:00,45484.0,0.291666666666667,22.2,75.8,2525,阴~大雨,PID,22.8,82.0,1.0,134.0,19.5,25.2,1.4,1.4,0.0,0.0,61.0,1003.2,1000.9,100.0,0.0,100.0,100.0,0.12,0.51,14.8,59.0,8.4,11.3,59.0,23.8,24.6,25.0,19.3,0.439,0.436,0.43,0.31,135.0,1.2,135.0,1113.5,1031.0,125.0,1.1,124.1,0.9,125.0
2024-07-11 07:30:00,45484.0,0.3125,22.5,76.3,2380,阴~大雨,PID,22.75,80.5,0.5,125.5,19.25,25.1,1.0499999999999998,1.0499999999999998,0.0,0.0,57.0,1003.0,1000.7,100.0,0.0,100.0,100.0,0.11499999999999999,0.54,15.3,77.5,7.800000000000001,10.7,77.5,23.65,24.6,25.0,19.3,0.4355,0.4365,0.4305,0.31,126.0,0.6,126.0,1022.25,927.2,114.25,0.55,113.8,0.45,114.25
2024-07-11 08:00:00,45484.0,0.333333333333333,23.4,76.9,2298,阴~大雨,PID,22.7,79.0,0.0,117.0,19.0,25.0,0.7,0.7,0.0,0.0,53.0,1002.8,1000.5,100.0,0.0,100.0,100.0,0.11,0.57,15.8,96.0,7.2,10.1,96.0,23.5,24.6,25.0,19.3,0.432,0.437,0.431,0.31,117.0,0.0,117.0,931.0,823.4,103.5,0.0,103.5,0.0,103.5
2024-07-11 08:30:00,45484.0,0.354166666666667,23.7,77.2,2349,阴~大雨,PID,22.85,79.5,2.0,123.0,19.2,25.3,0.35,0.35,0.0,0.0,28.0,1002.7,1000.4,100.0,0.0,76.5,99.5,0.11,0.56,14.9,113.0,6.9,9.5,113.5,23.55,24.55,25.0,19.35,0.429,0.436,0.431,0.31,125.0,3.75,125.0,817.05,700.55,106.4,3.1,104.75,1.6499999999999997,106.4
2024-07-11 09:00:00,45484.0,0.375,24.7,77.6,2312,阴~大雨,PID,23.0,80.0,4.0,129.0,19.4,25.6,0.0,0.0,0.0,0.0,3.0,1002.6,1000.3,100.0,0.0,53.0,99.0,0.11,0.55,14.0,130.0,6.6,8.9,131.0,23.6,24.5,25.0,19.4,0.426,0.435,0.431,0.31,133.0,7.5,133.0,703.1,577.7,109.3,6.2,106.0,3.3,109.3
2024-07-11 09:30:00,45484.0,0.395833333333333,25,77.8,2326,阴~大雨,PID,22.95,81.0,4.5,112.5,19.549999999999997,25.65,0.0,0.0,0.0,0.0,3.0,1002.4000000000001,1000.0999999999999,100.0,0.0,65.5,99.0,0.095,0.52,13.3,138.5,6.449999999999999,8.75,140.0,23.6,24.45,25.0,19.4,0.4245,0.4345,0.431,0.3105,117.0,11.2,117.0,574.1,444.1,89.9,8.3,86.5,3.4,89.9
2024-07-11 10:00:00,45484.0,0.416666666666667,24.6,77.6,2234,阴~大雨,PID,22.9,82.0,5.0,96.0,19.7,25.7,0.0,0.0,0.0,0.0,3.0,1002.2,999.9,100.0,0.0,78.0,99.0,0.08,0.49,12.6,147.0,6.3,8.6,149.0,23.6,24.4,25.0,19.4,0.423,0.434,0.431,0.311,101.0,14.9,101.0,445.1,310.5,70.5,10.4,67.0,3.5,70.5
2024-07-11 10:30:00,45484.0,0.4375,24.8,77.6,2301,阴~大雨,PID,22.7,84.0,3.5,65.5,19.799999999999997,25.75,0.0,0.0,0.0,0.0,2.0,1002.2,999.9,61.0,0.0,49.5,50.0,0.055,0.44,12.25,146.0,4.85,7.8,148.5,23.5,24.4,25.0,19.4,0.4215,0.4335,0.431,0.311,69.0,13.950000000000001,69.0,309.95000000000005,175.3,38.900000000000006,6.5,37.5,2.0,39.5
2024-07-11 11:00:00,45484.0,0.458333333333333,24.3,77.2,2470,阴~大雨,PID,22.5,86.0,2.0,35.0,19.9,25.8,0.0,0.0,0.0,0.0,1.0,1002.2,999.9,22.0,0.0,21.0,1.0,0.03,0.39,11.9,145.0,3.4,7.0,148.0,23.4,24.4,25.0,19.4,0.42,0.433,0.431,0.311,37.0,13.0,37.0,174.8,40.1,7.3,2.6,8.0,0.5,8.5
2024-07-11 11:30:00,45484.0,0.479166666666667,24.4,77.0,2474,阴~大雨,PID,21.95,88.5,1.0,18.0,19.9,25.15,0.0,0.0,0.0,0.0,2.0,1002.4000000000001,1000.0999999999999,52.5,0.0,43.5,25.5,0.025,0.31,9.2,135.0,4.1,6.35,140.0,23.15,24.35,25.0,19.4,0.419,0.4325,0.431,0.311,19.0,6.5,19.0,92.55000000000001,20.05,3.6499999999999995,1.3,4.0,0.25,4.25
2024-07-11 12:00:00,45484.0,0.5,25.3,76.9,2513,阴~大雨,PID,21.4,91.0,0.0,1.0,19.9,24.5,0.0,0.0,0.0,0.0,3.0,1002.6,1000.3,83.0,0.0,66.0,50.0,0.02,0.23,6.5,125.0,4.8,5.7,132.0,22.9,24.3,25.0,19.4,0.418,0.432,0.431,0.311,1.0,0.0,1.0,10.3,0.0,0.0,0.0,0.0,0.0,0.0
2024-07-11 12:30:00,45484.0,0.520833333333333,25.3,76.5,2531,阴~大雨,PID,21.75,91.5,0.0,0.5,20.299999999999997,25.25,0.05,0.05,0.0,0.0,27.0,1003.05,1000.75,91.5,0.0,83.0,73.5,0.01,0.23,6.5,135.5,3.45,5.45,140.5,23.0,24.200000000000003,24.95,19.4,0.4185,0.43,0.433,0.3125,0.5,0.0,0.5,5.15,0.0,0.0,0.0,0.0,0.0,0.0
2024-07-11 13:00:00,45484.0,0.541666666666667,26.1,76.2,2317,阴~大雨,PID,22.1,92.0,0.0,0.0,20.7,26.0,0.1,0.1,0.0,0.0,51.0,1003.5,1001.2,100.0,0.0,100.0,97.0,0.0,0.23,6.5,146.0,2.1,5.2,149.0,23.1,24.1,24.9,19.4,0.419,0.428,0.435,0.314,0.0,0.0,0.0,0.0,0.0,0.0,0.0,0.0,0.0,0.0
2024-07-11 13:30:00,45484.0,0.5625,26.1,75.6,2365,阴~大雨,PID,22.3,89.5,0.0,0.0,20.45,26.1,0.05,0.05,0.0,0.0,27.0,1003.5,1001.2,99.5,1.5,75.5,97.0,0.0,0.295,6.15,149.5,1.7000000000000002,3.4000000000000004,147.5,23.0,24.1,24.9,19.4,0.418,0.427,0.4345,0.3145,0.0,0.0,0.0,0.0,0.0,0.0,0.0,0.0,0.0,0.0
2024-07-11 14:00:00,45484.0,0.583333333333333,25.1,74.7,2295,阴~大雨,PID,22.5,87.0,0.0,0.0,20.2,26.2,0.0,0.0,0.0,0.0,3.0,1003.5,1001.2,99.0,3.0,51.0,97.0,0.0,0.36,5.8,153.0,1.3,1.6,146.0,22.9,24.1,24.9,19.4,0.417,0.426,0.434,0.315,0.0,0.0,0.0,0.0,0.0,0.0,0.0,0.0,0.0,0.0
2024-07-11 14:30:00,45484.0,0.604166666666667,25,74.1,2378,阴~大雨,PID,22.25,89.0,0.0,0.0,20.35,25.95,0.0,0.0,0.0,0.0,3.0,1003.3,1001.0,99.5,3.5,69.0,98.5,0.0,0.295,5.4,136.5,2.05,3.6999999999999997,138.0,22.799999999999997,24.05,24.9,19.4,0.416,0.4255,0.434,0.315,0.0,0.0,0.0,0.0,0.0,0.0,0.0,0.0,0.0,0.0
2024-07-11 15:00:00,45484.0,0.625,24,73.1,2348,阴~大雨,PID,22.0,91.0,0.0,0.0,20.5,25.7,0.0,0.0,0.0,0.0,3.0,1003.1,1000.8,100.0,4.0,87.0,100.0,0.0,0.23,5.0,120.0,2.8,5.8,130.0,22.7,24.0,24.9,19.4,0.415,0.425,0.434,0.315,0.0,0.0,0.0,0.0,0.0,0.0,0.0,0.0,0.0,0.0
2024-07-11 15:30:00,45484.0,0.645833333333333,23.7,72.4,2313,阴~大雨,PID,22.05,92.0,0.0,0.0,20.65,25.799999999999997,0.6,0.6,0.0,0.0,29.0,1003.0,1000.7,100.0,9.0,75.5,99.5,0.0,0.215,9.15,125.5,3.05,6.199999999999999,130.5,22.65,23.95,24.9,19.4,0.4215,0.4245,0.4335,0.3155,0.0,0.0,0.0,0.0,0.0,0.0,0.0,0.0,0.0,0.0
2024-07-11 16:00:00,45484.0,0.666666666666667,23.5,71.6,2254,阴~大雨,PID,22.1,93.0,0.0,0.0,20.8,25.9,1.2,1.2,0.0,0.0,55.0,1002.9,1000.6,100.0,14.0,64.0,99.0,0.0,0.2,13.3,131.0,3.3,6.6,131.0,22.6,23.9,24.9,19.4,0.428,0.424,0.433,0.316,0.0,0.0,0.0,0.0,0.0,0.0,0.0,0.0,0.0,0.0
2024-07-11 16:30:00,45484.0,0.6875,23.2,70.9,2405,阴~大雨,PID,22.05,93.0,0.0,0.0,20.85,25.85,1.05,1.05,0.0,0.0,54.0,1002.65,1000.35,100.0,57.0,82.0,57.5,0.0,0.185,9.7,107.5,3.5,6.75,105.0,22.55,23.85,24.9,19.4,0.43,0.4245,0.433,0.316,0.0,0.0,0.0,0.0,0.0,0.0,0.0,0.0,0.0,0.0
2024-07-11 17:00:00,45484.0,0.708333333333333,22.9,70.2,2560,阴~大雨,PID,22.0,93.0,0.0,0.0,20.9,25.8,0.9,0.9,0.0,0.0,53.0,1002.4,1000.1,100.0,100.0,100.0,16.0,0.0,0.17,6.1,84.0,3.7,6.9,79.0,22.5,23.8,24.9,19.4,0.432,0.425,0.433,0.316,0.0,0.0,0.0,0.0,0.0,0.0,0.0,0.0,0.0,0.0
2024-07-11 17:30:00,45484.0,0.729166666666667,22.6,69.5,2399,阴~大雨,PID,21.95,94.0,0.0,0.0,20.95,25.75,0.65,0.65,0.0,0.0,52.0,1002.2,999.9000000000001,96.0,96.0,50.5,12.0,0.0,0.155,11.7,86.0,4.050000000000001,7.95,80.0,22.45,23.75,24.85,19.4,0.431,0.425,0.433,0.316,0.0,0.0,0.0,0.0,0.0,0.0,0.0,0.0,0.0,0.0
2024-07-11 18:00:00,45484.0,0.75,22.9,69.0,2410,阴~大雨,PID,21.9,95.0,0.0,0.0,21.0,25.7,0.4,0.4,0.0,0.0,51.0,1002.0,999.7,92.0,92.0,1.0,8.0,0.0,0.14,17.3,88.0,4.4,9.0,81.0,22.4,23.7,24.8,19.4,0.43,0.425,0.433,0.316,0.0,0.0,0.0,0.0,0.0,0.0,0.0,0.0,0.0,0.0
2024-07-11 18:30:00,45484.0,0.770833333333333,22.5,68.4,2466,阴~大雨,PID,22.0,94.5,0.0,0.0,21.05,25.65,0.35,0.35,0.0,0.0,51.0,1001.85,999.55,96.0,96.0,15.5,32.0,0.0,0.15000000000000002,19.1,92.5,5.25,10.65,87.0,22.4,23.7,24.8,19.4,0.43,0.425,0.4325,0.3165,0.0,0.0,0.0,0.0,0.0,0.0,0.0,0.0,0.0,0.0
2024-07-11 19:00:00,45484.0,0.791666666666667,23,68.1,2266,阴~大雨,PID,22.1,94.0,0.0,0.0,21.1,25.6,0.3,0.3,0.0,0.0,51.0,1001.7,999.4,100.0,100.0,30.0,56.0,0.0,0.16,20.9,97.0,6.1,12.3,93.0,22.4,23.7,24.8,19.4,0.43,0.425,0.432,0.317,0.0,0.0,0.0,0.0,0.0,0.0,0.0,0.0,0.0,0.0
2024-07-11 19:30:00,45484.0,0.8125,22.7,67.7,2282,阴~大雨,PID,22.05,94.0,0.0,0.0,21.05,25.450000000000003,0.2,0.2,0.0,0.0,51.0,1001.7,999.4,77.5,71.5,25.5,28.0,0.0,0.16,20.549999999999997,111.0,6.65,13.0,110.0,22.35,23.65,24.8,19.4,0.428,0.425,0.432,0.317,0.0,0.0,0.0,0.0,0.0,0.0,0.0,0.0,0.0,0.0
2024-07-11 20:00:00,45484.0,0.833333333333333,21.7,67.1,2336,阴~大雨,PID,22.0,94.0,0.0,0.0,21.0,25.3,0.1,0.1,0.0,0.0,51.0,1001.7,999.4,55.0,43.0,21.0,0.0,0.0,0.16,20.2,125.0,7.2,13.7,127.0,22.3,23.6,24.8,19.4,0.426,0.425,0.432,0.317,0.0,0.0,0.0,0.0,0.0,0.0,0.0,0.0,0.0,0.0
2024-07-11 20:30:00,45484.0,0.854166666666667,21.4,66.8,2317,阴~大雨,PID,21.95,95.0,0.0,0.0,21.1,25.55,1.6,1.6,0.0,0.0,57.0,1001.85,999.55,77.5,53.5,42.0,49.5,0.0,0.135,16.95,122.5,5.45,11.85,123.0,22.3,23.55,24.8,19.4,0.4325,0.4255,0.4315,0.317,0.0,0.0,0.0,0.0,0.0,0.0,0.0,0.0,0.0,0.0
2024-07-11 21:00:00,45484.0,0.875,20.4,66.4,2268,阴~大雨,PID,21.9,96.0,0.0,0.0,21.2,25.8,3.1,3.1,0.0,0.0,63.0,1002.0,999.7,100.0,64.0,63.0,99.0,0.0,0.11,13.7,120.0,3.7,10.0,119.0,22.3,23.5,24.8,19.4,0.439,0.426,0.431,0.317,0.0,0.0,0.0,0.0,0.0,0.0,0.0,0.0,0.0,0.0
2024-07-11 21:30:00,45484.0,0.895833333333333,20.2,66.3,2267,阴~大雨,PID,22.0,95.5,0.0,5.5,21.25,25.950000000000003,10.100000000000001,10.100000000000001,0.0,0.0,64.0,1001.95,999.6500000000001,100.0,61.0,81.5,99.5,0.01,0.12,13.149999999999999,109.5,3.75,8.45,96.0,22.3,23.5,24.8,19.4,0.438,0.4325,0.4325,0.3175,5.5,0.0,5.5,48.65,107.7,7.6,0.0,12.15,0.0,12.15
2024-07-11 22:00:00,45484.0,0.916666666666667,19.9,66.3,2180,阴~大雨,PID,22.1,95.0,0.0,11.0,21.3,26.1,17.1,17.1,0.0,0.0,65.0,1001.9,999.6,100.0,58.0,100.0,100.0,0.02,0.13,12.6,99.0,3.8,6.9,73.0,22.3,23.5,24.8,19.4,0.437,0.439,0.434,0.318,11.0,0.0,11.0,97.3,215.4,15.2,0.0,24.3,0.0,24.3
2024-07-11 22:30:00,45484.0,0.9375,19.8,66.5,2184,阴~大雨,PID,22.200000000000003,95.5,0.0,15.0,21.5,26.05,11.4,11.4,0.0,0.0,64.0,1002.0999999999999,999.8,100.0,77.0,100.0,100.0,0.025,0.115,15.649999999999999,91.0,5.6,10.7,70.0,22.4,23.45,24.75,19.4,0.438,0.439,0.436,0.318,15.0,0.0,15.0,224.2,350.6,20.75,0.0,25.3,0.0,25.3
2024-07-11 23:00:00,45484.0,0.958333333333333,19.6,66.6,2202,阴~大雨,PID,22.3,96.0,0.0,19.0,21.7,26.0,5.7,5.7,0.0,0.0,63.0,1002.3,1000.0,100.0,96.0,100.0,100.0,0.03,0.1,18.7,83.0,7.4,14.5,67.0,22.5,23.4,24.7,19.4,0.439,0.439,0.438,0.318,19.0,0.0,19.0,351.1,485.8,26.3,0.0,26.3,0.0,26.3
2024-07-11 23:30:00,45484.0,0.979166666666667,19.5,66.9,2094,阴~大雨,PID,22.450000000000003,96.0,0.0,36.5,21.799999999999997,26.1,8.5,8.5,0.0,0.0,64.0,1002.25,999.95,100.0,95.0,97.5,100.0,0.04,0.10500000000000001,22.15,88.5,8.0,14.65,79.5,22.6,23.4,24.7,19.4,0.439,0.439,0.438,0.319,36.5,0.0,36.5,483.25,613.4,45.650000000000006,0.0,45.650000000000006,0.0,45.650000000000006
2024-07-12 00:00:00,45485.0,0.0,20.6,65.8,2190,多云~晴,PID,22.6,96.0,0.0,54.0,21.9,26.2,11.3,11.3,0.0,0.0,65.0,1002.2,999.9,100.0,94.0,95.0,100.0,0.05,0.11,25.6,94.0,8.6,14.8,92.0,22.7,23.4,24.7,19.4,0.439,0.439,0.438,0.32,54.0,0.0,54.0,615.4,741.0,65.0,0.0,65.0,0.0,65.0
2024-07-12 00:30:00,45485.0,0.0208333333333333,20.7,66.5,2332,多云~晴,PID,22.9,95.5,0.0,69.5,22.1,26.65,6.75,6.75,0.0,0.0,63.0,1002.4000000000001,1000.0999999999999,100.0,47.0,95.0,100.0,0.060000000000000005,0.13,21.1,98.5,8.3,14.8,96.0,23.049999999999997,23.45,24.7,19.4,0.4355,0.437,0.438,0.3215,69.5,0.0,69.5,735.55,852.35,80.35,0.0,80.35,0.0,80.35
2024-07-12 01:00:00,45485.0,0.0416666666666667,20.9,67.2,2252,多云~晴,PID,23.2,95.0,0.0,85.0,22.3,27.1,2.2,2.2,0.0,0.0,61.0,1002.6,1000.3,100.0,0.0,95.0,100.0,0.07,0.15,16.6,103.0,8.0,14.8,100.0,23.4,23.5,24.7,19.4,0.432,0.435,0.438,0.323,85.0,0.0,85.0,855.7,963.7,95.7,0.0,95.7,0.0,95.7
2024-07-12 01:30:00,45485.0,0.0625,21.1,67.9,2224,多云~晴,PID,23.4,95.0,4.0,106.0,22.5,27.450000000000003,2.1,2.1,0.0,0.0,61.0,1002.55,1000.25,100.0,0.0,75.5,100.0,0.085,0.15,15.5,105.0,7.95,14.350000000000001,103.0,23.6,23.5,24.7,19.4,0.432,0.436,0.4375,0.323,110.0,5.0,110.0,955.7,1051.15,120.65,5.4,116.35,4.3,120.65
2024-07-12 02:00:00,45485.0,0.0833333333333333,21.3,68.6,2211,多云~晴,PID,23.6,95.0,8.0,127.0,22.7,27.8,2.0,2.0,0.0,0.0,61.0,1002.5,1000.2,100.0,0.0,56.0,100.0,0.1,0.15,14.4,107.0,7.9,13.9,106.0,23.8,23.5,24.7,19.4,0.432,0.437,0.437,0.323,135.0,10.0,135.0,1055.7,1138.6,145.6,10.8,137.0,8.6,145.6
2024-07-12 02:30:00,45485.0,0.104166666666667,21.6,69.4,2206,多云~晴,PID,24.9,88.0,90.0,238.0,22.7,28.950000000000003,1.05,1.05,0.0,0.0,56.0,1002.3,1000.0,100.0,0.0,78.0,100.0,0.23,0.39,17.8,103.0,8.7,12.950000000000001,103.5,24.55,23.55,24.65,19.4,0.4295,0.436,0.4365,0.3235,328.0,99.7,328.0,1128.6,1196.1999999999998,344.65,104.24999999999999,250.6,94.05,344.65
2024-07-12 03:00:00,45485.0,0.125,21.8,70.1,2246,多云~晴,PID,26.2,81.0,172.0,349.0,22.7,30.1,0.1,0.1,0.0,0.0,51.0,1002.1,999.8,100.0,0.0,100.0,100.0,0.36,0.63,21.2,99.0,9.5,12.0,101.0,25.3,23.6,24.6,19.4,0.427,0.435,0.436,0.324,521.0,189.4,521.0,1201.5,1253.8,543.7,197.7,364.2,179.5,543.7
2024-07-12 03:30:00,45485.0,0.145833333333333,22.2,70.8,2330,多云~晴,PID,25.799999999999997,82.5,86.0,246.5,22.549999999999997,29.6,0.1,0.1,0.0,0.0,51.0,1001.95,999.65,100.0,0.5,63.0,100.0,0.245,0.585,20.85,111.5,9.7,12.5,112.0,25.200000000000003,23.700000000000003,24.6,19.4,0.425,0.4345,0.436,0.324,332.5,94.7,332.5,1242.5,1277.65,344.85,98.85,255.09999999999997,89.75,344.85
2024-07-12 04:00:00,45485.0,0.166666666666667,22.5,71.5,2326,多云~晴,PID,25.4,84.0,0.0,144.0,22.4,29.1,0.1,0.1,0.0,0.0,51.0,1001.8,999.5,100.0,1.0,26.0,100.0,0.13,0.54,20.5,124.0,9.9,13.0,123.0,25.1,23.8,24.6,19.4,0.423,0.434,0.436,0.324,144.0,0.0,144.0,1283.5,1301.5,146.0,0.0,146.0,0.0,146.0
2024-07-12 04:30:00,45485.0,0.1875,22.8,72.1,2273,多云~晴,PID,25.2,86.0,1.0,146.0,22.65,29.15,0.45000000000000007,0.45000000000000007,0.0,0.0,52.0,1001.8499999999999,999.55,99.5,3.5,24.5,99.5,0.125,0.455,19.25,127.0,9.05,12.1,127.0,25.05,23.85,24.6,19.45,0.4245,0.433,0.4355,0.3245,147.0,1.0,147.0,1289.65,1289.9,147.0,1.0,146.0,1.0,147.0
2024-07-12 05:00:00,45485.0,0.208333333333333,23.1,72.6,2285,多云~晴,PID,25.0,88.0,2.0,148.0,22.9,29.2,0.8,0.8,0.0,0.0,53.0,1001.9,999.6,99.0,6.0,23.0,99.0,0.12,0.37,18.0,130.0,8.2,11.2,131.0,25.0,23.9,24.6,19.5,0.426,0.432,0.435,0.325,150.0,2.0,150.0,1295.8,1278.3,148.0,2.0,146.0,2.0,148.0
2024-07-12 05:30:00,45485.0,0.229166666666667,23.5,73.2,2209,多云~晴,PID,25.35,88.0,18.5,251.5,23.2,29.6,0.9500000000000001,0.9500000000000001,0.0,0.0,54.0,1001.45,999.1500000000001,99.5,9.0,20.0,99.5,0.19,0.385,19.1,126.0,9.2,12.399999999999999,126.5,25.35,23.95,24.6,19.5,0.429,0.4315,0.435,0.325,270.0,19.7,270.0,1266.75,1232.1,260.85,18.95,243.1,17.75,260.85
2024-07-12 06:00:00,45485.0,0.25,23.8,73.6,2422,多云~晴,PID,25.7,88.0,35.0,355.0,23.5,30.0,1.1,1.1,0.0,0.0,55.0,1001.0,998.7,100.0,12.0,17.0,100.0,0.26,0.4,20.2,122.0,10.2,13.6,122.0,25.7,24.0,24.6,19.5,0.432,0.431,0.435,0.325,390.0,37.4,390.0,1237.7,1185.9,373.7,35.9,340.2,33.5,373.7
2024-07-12 06:30:00,45485.0,0.270833333333333,24.1,73.9,2493,多云~晴,PID,25.799999999999997,88.5,27.5,302.0,23.7,30.15,0.8500000000000001,0.8500000000000001,0.0,0.0,54.0,1000.7,998.4000000000001,100.0,38.5,31.0,100.0,0.225,0.39,20.35,128.5,10.7,14.2,128.5,25.75,24.1,24.6,19.5,0.432,0.431,0.4345,0.3255,329.5,30.6,329.5,1175.3999999999999,1108.25,311.4,28.95,285.35,26.0,311.4
2024-07-12 07:00:00,45485.0,0.291666666666667,24.4,74.1,2469,多云~晴,PID,25.9,89.0,20.0,249.0,23.9,30.3,0.6,0.6,0.0,0.0,53.0,1000.4,998.1,100.0,65.0,45.0,100.0,0.19,0.38,20.5,135.0,11.2,14.8,135.0,25.8,24.2,24.6,19.5,0.432,0.431,0.434,0.326,269.0,23.8,269.0,1113.1,1030.6,249.1,22.0,230.5,18.5,249.1
2024-07-12 07:30:00,45485.0,0.3125,24.6,74.3,2398,多云~晴,PID,25.65,90.0,13.0,237.0,23.9,30.200000000000003,2.7500000000000004,2.7500000000000004,0.0,0.0,58.0,1000.3,998.0,100.0,76.0,60.5,96.5,0.175,0.33,23.4,121.0,10.3,13.45,121.5,25.85,24.25,24.6,19.5,0.434,0.435,0.4345,0.326,250.0,16.150000000000002,250.0,1021.8499999999999,926.75,226.7,14.75,214.75,11.900000000000002,226.7
2024-07-12 08:00:00,45485.0,0.333333333333333,25.8,74.6,2197,多云~晴,PID,25.4,91.0,6.0,225.0,23.9,30.1,4.9,4.9,0.0,0.0,63.0,1000.2,997.9,100.0,87.0,76.0,93.0,0.16,0.28,26.3,107.0,9.4,12.1,108.0,25.9,24.3,24.6,19.5,0.436,0.439,0.435,0.326,231.0,8.5,231.0,930.6,822.9,204.3,7.5,199.0,5.3,204.3
2024-07-12 08:30:00,45485.0,0.354166666666667,26,74.5,2408,多云~晴,PID,25.35,91.5,17.5,161.0,23.9,29.9,3.0,3.0,0.0,0.0,59.0,999.7,997.4,89.5,52.5,50.5,80.0,0.13,0.265,26.85,113.5,10.25,14.350000000000001,113.5,25.7,24.35,24.55,19.5,0.4345,0.4385,0.4355,0.3265,178.5,31.55,178.5,816.5,699.9,153.9,26.2,139.35,14.55,153.9
2024-07-12 09:00:00,45485.0,0.375,27.1,74.7,2283,多云~晴,PID,25.3,92.0,29.0,97.0,23.9,29.7,1.1,1.1,0.0,0.0,55.0,999.2,996.9,79.0,18.0,25.0,67.0,0.1,0.25,27.4,120.0,11.1,16.6,119.0,25.5,24.4,24.5,19.5,0.433,0.438,0.436,0.327,126.0,54.6,126.0,702.4,576.9,103.5,44.9,79.7,23.8,103.5
2024-07-12 09:30:00,45485.0,0.395833333333333,27.2,74.4,2349,多云~晴,PID,25.55,91.5,33.5,100.5,24.0,30.0,0.65,0.65,0.0,0.0,53.0,999.25,996.95,89.5,13.0,37.0,83.5,0.1,0.28,24.5,125.0,11.2,17.25,123.0,25.45,24.45,24.5,19.5,0.4305,0.437,0.436,0.327,134.0,83.9,134.0,573.35,443.2,101.2,61.900000000000006,76.1,25.15,101.2
2024-07-12 10:00:00,45485.0,0.416666666666667,26.3,73.8,2389,多云~晴,PID,25.8,91.0,38.0,104.0,24.1,30.3,0.2,0.2,0.0,0.0,51.0,999.3,997.0,100.0,8.0,49.0,100.0,0.1,0.31,21.6,130.0,11.3,17.9,127.0,25.4,24.5,24.5,19.5,0.428,0.436,0.436,0.327,142.0,113.2,142.0,444.3,309.5,98.9,78.9,72.5,26.5,98.9
2024-07-12 10:30:00,45485.0,0.4375,26.4,73.4,2355,多云~晴,PID,25.6,93.0,19.0,65.5,24.3,30.5,0.1,0.1,0.0,0.0,27.0,999.5,997.2,100.0,16.5,48.0,99.5,0.065,0.235,20.15,118.5,9.45,16.85,106.0,25.25,24.55,24.5,19.5,0.426,0.4355,0.4355,0.3275,84.5,56.6,84.5,308.95,174.15,52.050000000000004,39.45,39.25,13.25,52.45
2024-07-12 11:00:00,45485.0,0.458333333333333,25.4,72.6,2397,多云~晴,PID,25.4,95.0,0.0,27.0,24.5,30.7,0.0,0.0,0.0,0.0,3.0,999.7,997.4,100.0,25.0,47.0,99.0,0.03,0.16,18.7,107.0,7.6,15.8,85.0,25.1,24.6,24.5,19.5,0.424,0.435,0.435,0.328,27.0,0.0,27.0,173.6,38.8,5.2,0.0,6.0,0.0,6.0
2024-07-12 11:30:00,45485.0,0.479166666666667,25.3,72.0,2434,多云~晴,PID,25.15,95.5,0.0,13.5,24.35,30.6,2.65,2.65,0.0,0.0,33.0,999.85,997.55,99.5,26.5,36.5,99.0,0.02,0.14,16.55,108.5,5.8,13.8,82.5,24.950000000000003,24.6,24.5,19.5,0.4315,0.437,0.4355,0.328,13.5,0.0,13.5,91.64999999999999,19.4,2.6,0.0,3.0,0.0,3.0
2024-07-12 12:00:00,45485.0,0.5,25.8,71.6,2434,多云~晴,PID,24.9,96.0,0.0,0.0,24.2,30.5,5.3,5.3,0.0,0.0,63.0,1000.0,997.7,99.0,28.0,26.0,99.0,0.01,0.12,14.4,110.0,4.0,11.8,80.0,24.8,24.6,24.5,19.5,0.439,0.439,0.436,0.328,0.0,0.0,0.0,9.7,0.0,0.0,0.0,0.0,0.0,0.0
2024-07-12 12:30:00,45485.0,0.520833333333333,25.6,70.9,2506,多云~晴,PID,24.799999999999997,94.5,0.0,0.0,23.799999999999997,29.45,2.85,2.85,0.0,0.0,57.0,1000.45,998.1500000000001,97.5,15.0,59.0,73.5,0.005,0.16999999999999998,18.9,125.5,9.0,18.85,108.0,24.9,24.75,24.5,19.5,0.4345,0.4345,0.435,0.327,0.0,0.0,0.0,4.85,0.0,0.0,0.0,0.0,0.0,0.0
2024-07-12 13:00:00,45485.0,0.541666666666667,26.3,70.4,2315,多云~晴,PID,24.7,93.0,0.0,0.0,23.4,28.4,0.4,0.4,0.0,0.0,51.0,1000.9,998.6,96.0,2.0,92.0,48.0,0.0,0.22,23.4,141.0,14.0,25.9,136.0,25.0,24.9,24.5,19.5,0.43,0.43,0.434,0.326,0.0,0.0,0.0,0.0,0.0,0.0,0.0,0.0,0.0,0.0
2024-07-12 13:30:00,45485.0,0.5625,26.1,69.7,2305,多云~晴,PID,24.65,93.0,0.0,0.0,23.45,28.65,0.55,0.55,0.0,0.0,52.0,1000.9,998.6,95.5,4.0,86.0,61.5,0.0,0.215,23.95,140.0,12.2,23.65,135.0,24.8,24.9,24.5,19.5,0.4315,0.43,0.434,0.3265,0.0,0.0,0.0,0.0,0.0,0.0,0.0,0.0,0.0,0.0
2024-07-12 14:00:00,45485.0,0.583333333333333,25.3,68.8,2332,多云~晴,PID,24.6,93.0,0.0,0.0,23.5,28.9,0.7,0.7,0.0,0.0,53.0,1000.9,998.6,95.0,6.0,80.0,75.0,0.0,0.21,24.5,139.0,10.4,21.4,134.0,24.6,24.9,24.5,19.5,0.433,0.43,0.434,0.327,0.0,0.0,0.0,0.0,0.0,0.0,0.0,0.0,0.0,0.0
2024-07-12 14:30:00,45485.0,0.604166666666667,25,68.0,2256,多云~晴,PID,24.65,94.0,0.0,0.0,23.65,29.0,0.44999999999999996,0.44999999999999996,0.0,0.0,52.0,1000.8,998.5,97.0,3.5,78.5,85.5,0.0,0.185,21.45,146.0,10.5,21.4,145.0,24.5,24.85,24.5,19.5,0.432,0.43,0.4335,0.327,0.0,0.0,0.0,0.0,0.0,0.0,0.0,0.0,0.0,0.0
2024-07-12 15:00:00,45485.0,0.625,23.9,67.1,2319,多云~晴,PID,24.7,95.0,0.0,0.0,23.8,29.1,0.2,0.2,0.0,0.0,51.0,1000.7,998.4,99.0,1.0,77.0,96.0,0.0,0.16,18.4,153.0,10.6,21.4,156.0,24.4,24.8,24.5,19.5,0.431,0.43,0.433,0.327,0.0,0.0,0.0,0.0,0.0,0.0,0.0,0.0,0.0,0.0
2024-07-12 15:30:00,45485.0,0.645833333333333,23.5,66.4,2213,多云~晴,PID,24.7,95.5,0.0,0.0,23.9,29.5,0.2,0.2,0.0,0.0,51.0,1000.6,998.3,99.5,6.0,61.5,97.5,0.0,0.14,18.4,152.5,8.25,18.45,149.0,24.4,24.8,24.5,19.5,0.4295,0.43,0.433,0.327,0.0,0.0,0.0,0.0,0.0,0.0,0.0,0.0,0.0,0.0
2024-07-12 16:00:00,45485.0,0.666666666666667,23.2,65.7,2288,多云~晴,PID,24.7,96.0,0.0,0.0,24.0,29.9,0.2,0.2,0.0,0.0,51.0,1000.5,998.2,100.0,11.0,46.0,99.0,0.0,0.12,18.4,152.0,5.9,15.5,142.0,24.4,24.8,24.5,19.5,0.428,0.43,0.433,0.327,0.0,0.0,0.0,0.0,0.0,0.0,0.0,0.0,0.0,0.0
2024-07-12 16:30:00,45485.0,0.6875,22.9,65.1,2346,多云~晴,PID,24.7,96.0,0.0,0.0,24.05,29.9,0.15000000000000002,0.15000000000000002,0.0,0.0,51.0,1000.2,997.9000000000001,99.0,12.0,44.0,97.0,0.0,0.11499999999999999,14.95,154.5,6.25,15.75,146.5,24.35,24.75,24.5,19.5,0.427,0.4295,0.433,0.3275,0.0,0.0,0.0,0.0,0.0,0.0,0.0,0.0,0.0,0.0
2024-07-12 17:00:00,45485.0,0.708333333333333,22.5,64.6,2433,多云~晴,PID,24.7,96.0,0.0,0.0,24.1,29.9,0.1,0.1,0.0,0.0,51.0,999.9,997.6,98.0,13.0,42.0,95.0,0.0,0.11,11.5,157.0,6.6,16.0,151.0,24.3,24.7,24.5,19.5,0.426,0.429,0.433,0.328,0.0,0.0,0.0,0.0,0.0,0.0,0.0,0.0,0.0,0.0
2024-07-12 17:30:00,45485.0,0.729166666666667,22.2,64.1,2459,多云~晴,PID,24.45,96.5,0.0,0.0,23.9,29.549999999999997,2.0,2.0,0.0,0.0,57.0,999.8,997.5,99.0,55.0,34.5,88.5,0.0,0.095,15.85,169.0,6.6,15.0,161.0,24.25,24.7,24.5,19.5,0.4325,0.4315,0.4325,0.328,0.0,0.0,0.0,0.0,0.0,0.0,0.0,0.0,0.0,0.0
2024-07-12 18:00:00,45485.0,0.75,22.7,64.0,2458,多云~晴,PID,24.2,97.0,0.0,0.0,23.7,29.2,3.9,3.9,0.0,0.0,63.0,999.7,997.4,100.0,97.0,27.0,82.0,0.0,0.08,20.2,181.0,6.6,14.0,171.0,24.2,24.7,24.5,19.5,0.439,0.434,0.432,0.328,0.0,0.0,0.0,0.0,0.0,0.0,0.0,0.0,0.0,0.0
2024-07-12 18:30:00,45485.0,0.770833333333333,22.4,63.7,2371,多云~晴,PID,24.2,97.0,0.0,0.0,23.7,29.4,3.5999999999999996,3.5999999999999996,0.0,0.0,63.0,999.45,997.15,99.0,48.5,29.5,89.5,0.0,0.08,19.1,182.5,5.15,12.6,161.0,24.2,24.7,24.45,19.5,0.4325,0.4355,0.433,0.328,0.0,0.0,0.0,0.0,0.0,0.0,0.0,0.0,0.0,0.0
2024-07-12 19:00:00,45485.0,0.791666666666667,22.8,63.7,2301,多云~晴,PID,24.2,97.0,0.0,0.0,23.7,29.6,3.3,3.3,0.0,0.0,63.0,999.2,996.9,98.0,0.0,32.0,97.0,0.0,0.08,18.0,184.0,3.7,11.2,151.0,24.2,24.7,24.4,19.5,0.426,0.437,0.434,0.328,0.0,0.0,0.0,0.0,0.0,0.0,0.0,0.0,0.0,0.0
2024-07-12 19:30:00,45485.0,0.8125,22.5,63.6,2370,多云~晴,PID,24.15,97.0,0.0,0.0,23.65,29.5,1.95,1.95,0.0,0.0,58.0,999.75,997.45,99.0,50.0,27.5,96.5,0.0,0.08499999999999999,17.8,167.0,3.9,11.0,146.5,24.1,24.65,24.4,19.5,0.4275,0.436,0.434,0.3285,0.0,0.0,0.0,0.0,0.0,0.0,0.0,0.0,0.0,0.0
2024-07-12 20:00:00,45485.0,0.833333333333333,21.5,63.4,2327,多云~晴,PID,24.1,97.0,0.0,0.0,23.6,29.4,0.6,0.6,0.0,0.0,53.0,1000.3,998.0,100.0,100.0,23.0,96.0,0.0,0.09,17.6,150.0,4.1,10.8,142.0,24.0,24.6,24.4,19.5,0.429,0.435,0.434,0.329,0.0,0.0,0.0,0.0,0.0,0.0,0.0,0.0,0.0,0.0
2024-07-12 20:30:00,45485.0,0.854166666666667,21.3,63.5,2163,多云~晴,PID,24.15,97.0,0.0,0.0,23.65,29.2,0.55,0.55,0.0,0.0,53.0,1000.15,997.85,100.0,100.0,18.0,98.0,0.0,0.08499999999999999,15.100000000000001,159.5,5.8,12.9,152.5,24.0,24.6,24.4,19.5,0.43,0.435,0.434,0.329,0.0,0.0,0.0,0.0,0.0,0.0,0.0,0.0,0.0,0.0
2024-07-12 21:00:00,45485.0,0.875,20.6,63.5,2315,多云~晴,PID,24.2,97.0,0.0,0.0,23.7,29.0,0.5,0.5,0.0,0.0,53.0,1000.0,997.7,100.0,100.0,13.0,100.0,0.0,0.08,12.6,169.0,7.5,15.0,163.0,24.0,24.6,24.4,19.5,0.431,0.435,0.434,0.329,0.0,0.0,0.0,0.0,0.0,0.0,0.0,0.0,0.0,0.0
2024-07-12 21:30:00,45485.0,0.895833333333333,20.5,63.8,2301,多云~晴,PID,24.35,97.0,0.0,6.5,23.85,29.05,0.95,0.95,0.0,0.0,57.0,1000.3,998.0,100.0,75.5,36.0,100.0,0.01,0.08499999999999999,15.3,207.5,8.8,16.95,208.0,24.1,24.55,24.4,19.5,0.434,0.436,0.434,0.329,6.5,0.0,6.5,48.15,106.6,8.95,0.0,14.4,0.0,14.4
2024-07-12 22:00:00,45485.0,0.916666666666667,20.4,64.2,2219,多云~晴,PID,24.5,97.0,0.0,13.0,24.0,29.1,1.4,1.4,0.0,0.0,61.0,1000.6,998.3,100.0,51.0,59.0,100.0,0.02,0.09,18.0,246.0,10.1,18.9,253.0,24.2,24.5,24.4,19.5,0.437,0.437,0.434,0.329,13.0,0.0,13.0,96.3,213.2,17.9,0.0,28.8,0.0,28.8
2024-07-12 22:30:00,45485.0,0.9375,20.4,64.7,2314,多云~晴,PID,24.5,97.0,0.0,19.5,24.05,29.0,0.8999999999999999,0.8999999999999999,0.0,0.0,56.0,1000.7,998.4,99.5,65.5,77.0,79.0,0.025,0.08499999999999999,18.35,225.0,10.95,19.299999999999997,226.5,24.25,24.5,24.4,19.5,0.435,0.4365,0.434,0.3295,19.5,0.0,19.5,222.7,348.6,26.95,0.0,32.4,0.0,32.4
2024-07-12 23:00:00,45485.0,0.958333333333333,20.5,65.2,2366,多云~晴,PID,24.5,97.0,0.0,26.0,24.1,28.9,0.4,0.4,0.0,0.0,51.0,1000.8,998.5,99.0,80.0,95.0,58.0,0.03,0.08,18.7,204.0,11.8,19.7,200.0,24.3,24.5,24.4,19.5,0.433,0.436,0.434,0.33,26.0,0.0,26.0,349.1,484.0,36.0,0.0,36.0,0.0,36.0
2024-07-12 23:30:00,45485.0,0.979166666666667,20.6,65.8,2201,多云~晴,PID,25.0,94.5,22.5,87.5,24.05,29.25,0.6000000000000001,0.6000000000000001,0.0,0.0,52.0,1001.05,998.75,99.5,66.0,52.5,79.0,0.08,0.175,23.4,226.5,12.850000000000001,19.299999999999997,224.5,24.6,24.5,24.4,19.5,0.4335,0.436,0.434,0.33,110.0,48.5,110.0,481.40000000000003,611.75,134.9,58.45,107.75,27.100000000000005,134.9
2024-07-13 00:00:00,45486.0,0.0,21,64.4,2199,暴雨~大雨,PID,25.5,92.0,45.0,149.0,24.0,29.6,0.8,0.8,0.0,0.0,53.0,1001.3,999.0,100.0,52.0,10.0,100.0,0.13,0.27,28.1,249.0,13.9,18.9,249.0,24.9,24.5,24.4,19.5,0.434,0.436,0.434,0.33,194.0,97.0,194.0,613.7,739.5,233.8,116.9,179.5,54.2,233.8
2024-07-13 00:30:00,45486.0,0.0208333333333333,20.8,64.4,2250,暴雨~大雨,PID,25.8,90.0,40.0,165.5,24.0,30.200000000000003,0.65,0.65,0.0,0.0,53.0,1001.55,999.25,100.0,76.0,30.0,82.5,0.14500000000000002,0.33,27.9,236.5,11.65,15.45,234.5,25.25,24.6,24.4,19.5,0.4285,0.432,0.4345,0.3325,205.5,75.6,205.5,734.05,851.0,239.15,89.0,192.25,46.8,239.15
2024-07-13 01:00:00,45486.0,0.0416666666666667,20.6,64.5,2324,暴雨~大雨,PID,26.1,88.0,35.0,182.0,24.0,30.8,0.5,0.5,0.0,0.0,53.0,1001.8,999.5,100.0,100.0,50.0,65.0,0.16,0.39,27.7,224.0,9.4,12.0,220.0,25.6,24.7,24.4,19.5,0.423,0.428,0.435,0.335,217.0,54.2,217.0,854.4,962.5,244.5,61.1,205.0,39.4,244.5
2024-07-13 01:30:00,45486.0,0.0625,20.5,64.7,2127,暴雨~大雨,PID,26.25,88.5,33.0,212.5,24.15,31.15,0.5,0.5,0.0,0.0,53.0,1002.0,999.7,100.0,100.0,38.0,66.5,0.18,0.39,26.45,213.0,8.65,10.85,208.0,25.9,24.75,24.4,19.5,0.4235,0.4275,0.435,0.335,245.5,46.55,245.5,954.5,1050.1,270.05,51.55,233.55,36.4,270.05
2024-07-13 02:00:00,45486.0,0.0833333333333333,20.4,65.0,2224,暴雨~大雨,PID,26.4,89.0,31.0,243.0,24.3,31.5,0.5,0.5,0.0,0.0,53.0,1002.2,999.9,100.0,100.0,26.0,68.0,0.2,0.39,25.2,202.0,7.9,9.7,196.0,26.2,24.8,24.4,19.5,0.424,0.427,0.435,0.335,274.0,38.9,274.0,1054.6,1137.7,295.6,42.0,262.1,33.4,295.6
2024-07-13 02:30:00,45486.0,0.104166666666667,20.3,65.4,2229,暴雨~大雨,PID,27.4,85.5,84.5,296.5,24.700000000000003,32.55,0.3,0.3,0.0,0.0,52.0,1001.8,999.5,93.0,86.5,16.0,57.0,0.275,0.54,23.75,223.0,9.350000000000001,11.85,220.0,26.7,24.85,24.4,19.55,0.4225,0.426,0.4345,0.3355,381.0,95.5,381.0,1127.65,1195.4,402.45000000000005,100.35,313.70000000000005,88.69999999999999,402.45000000000005
2024-07-13 03:00:00,45486.0,0.125,20.3,65.9,2331,暴雨~大雨,PID,28.4,82.0,138.0,350.0,25.1,33.6,0.1,0.1,0.0,0.0,51.0,1001.4,999.1,86.0,73.0,6.0,46.0,0.35,0.69,22.3,244.0,10.8,14.0,244.0,27.2,24.9,24.4,19.6,0.421,0.425,0.434,0.336,488.0,152.1,488.0,1200.7,1253.1,509.3,158.7,365.3,144.0,509.3
2024-07-13 03:30:00,45486.0,0.145833333333333,20.4,66.5,2322,暴雨~大雨,PID,29.15,78.5,154.0,379.0,25.05,34.150000000000006,0.15000000000000002,0.15000000000000002,0.0,0.0,51.0,1001.3,999.0,61.0,50.0,10.5,24.5,0.39,0.87,24.3,249.5,12.5,16.15,249.0,27.7,25.0,24.4,19.6,0.42,0.4245,0.434,0.336,533.0,163.75,533.0,1241.8000000000002,1277.0,547.7,168.3,389.55,158.20000000000002,547.7
2024-07-13 04:00:00,45486.0,0.166666666666667,20.5,67.1,2333,暴雨~大雨,PID,29.9,75.0,170.0,408.0,25.0,34.7,0.2,0.2,0.0,0.0,51.0,1001.2,998.9,36.0,27.0,15.0,3.0,0.43,1.05,26.3,255.0,14.2,18.3,254.0,28.2,25.1,24.4,19.6,0.419,0.424,0.434,0.336,578.0,175.4,578.0,1282.9,1300.9,586.1,177.9,413.8,172.4,586.1
2024-07-13 04:30:00,45486.0,0.1875,20.6,67.7,2266,暴雨~大雨,PID,30.299999999999997,73.5,275.0,345.0,25.05,35.3,0.30000000000000004,0.30000000000000004,0.0,0.0,51.0,1001.05,998.8,43.5,28.5,22.5,2.0,0.46,1.1400000000000001,27.200000000000003,251.5,14.5,18.85,250.5,28.549999999999997,25.25,24.4,19.6,0.4185,0.423,0.4335,0.336,620.0,281.85,620.0,1289.1,1289.4,619.6,280.45,346.0,273.65,619.6
2024-07-13 05:00:00,45486.0,0.208333333333333,20.8,68.4,2367,暴雨~大雨,PID,30.7,72.0,380.0,282.0,25.1,35.9,0.4,0.4,0.0,0.0,51.0,1000.9,998.7,51.0,30.0,30.0,1.0,0.49,1.23,28.1,248.0,14.8,19.4,247.0,28.9,25.4,24.4,19.6,0.418,0.422,0.433,0.336,662.0,388.3,662.0,1295.3,1277.9,653.1,383.0,278.2,374.9,653.1
2024-07-13 05:30:00,45486.0,0.229166666666667,21,69.2,2286,暴雨~大雨,PID,30.799999999999997,74.5,382.0,284.0,25.75,36.8,0.4,0.4,0.0,0.0,51.0,1000.8,998.6,75.0,49.0,24.0,49.5,0.49,1.13,29.9,239.0,12.75,16.5,238.5,29.2,25.5,24.4,19.6,0.4175,0.4215,0.433,0.3365,666.0,399.55,666.0,1266.3,1231.7,647.55,388.3,276.1,371.4,647.55
2024-07-13 06:00:00,45486.0,0.25,21.2,69.9,2455,暴雨~大雨,PID,30.9,77.0,384.0,286.0,26.4,37.7,0.4,0.4,0.0,0.0,51.0,1000.7,998.5,99.0,68.0,18.0,98.0,0.49,1.03,31.7,230.0,10.7,13.6,230.0,29.5,25.6,24.4,19.6,0.417,0.421,0.433,0.337,670.0,410.8,670.0,1237.3,1185.5,642.0,393.6,274.0,367.9,642.0
2024-07-13 06:30:00,45486.0,0.270833333333333,21.5,70.6,2518,暴雨~大雨,PID,28.9,82.5,251.5,301.5,25.6,34.6,1.75,1.75,0.0,0.0,57.0,1001.05,998.8,99.5,62.5,12.0,99.0,0.39,0.72,34.4,223.5,12.25,15.8,224.5,29.3,25.75,24.4,19.6,0.4245,0.4225,0.4325,0.337,553.0,276.15,553.0,1175.0,1107.8,522.8,262.3,283.75,239.04999999999998,522.8
2024-07-13 07:00:00,45486.0,0.291666666666667,21.8,71.4,2518,暴雨~大雨,PID,26.9,88.0,119.0,317.0,24.8,31.5,3.1,3.1,0.0,0.0,63.0,1001.4,999.1,100.0,57.0,6.0,100.0,0.29,0.41,37.1,217.0,13.8,18.0,219.0,29.1,25.9,24.4,19.6,0.432,0.424,0.432,0.337,436.0,141.5,436.0,1112.7,1030.1,403.6,131.0,293.5,110.2,403.6
2024-07-13 07:30:00,45486.0,0.3125,22.1,72.1,2505,暴雨~大雨,PID,26.65,89.0,62.0,191.0,24.75,31.25,1.6,1.6,0.0,0.0,57.0,1001.5,999.2,100.0,46.5,3.5,100.0,0.18,0.37,31.5,215.5,13.600000000000001,18.75,215.0,28.4,25.95,24.4,19.6,0.4295,0.424,0.432,0.337,253.0,74.3,253.0,1021.35,926.1999999999999,232.75,68.65,175.5,57.300000000000004,232.75
2024-07-13 08:00:00,45486.0,0.333333333333333,23,72.9,2325,暴雨~大雨,PID,26.4,90.0,5.0,65.0,24.7,31.0,0.1,0.1,0.0,0.0,51.0,1001.6,999.3,100.0,36.0,1.0,100.0,0.07,0.33,25.9,214.0,13.4,19.5,211.0,27.7,26.0,24.4,19.6,0.427,0.424,0.432,0.337,70.0,7.1,70.0,930.0,822.3,61.9,6.3,57.5,4.4,61.9
2024-07-13 08:30:00,45486.0,0.354166666666667,23.3,73.5,2300,暴雨~大雨,PID,26.7,90.0,6.5,91.0,24.95,31.75,0.30000000000000004,0.30000000000000004,0.0,0.0,52.0,1001.5,999.2,100.0,26.5,0.5,100.0,0.085,0.35,23.95,231.0,11.45,16.55,228.0,27.5,26.05,24.4,19.6,0.427,0.4235,0.432,0.3375,97.5,11.1,97.5,815.85,699.2,82.25,9.35,76.8,5.5,82.25
2024-07-13 09:00:00,45486.0,0.375,24.1,74.2,2314,暴雨~大雨,PID,27.0,90.0,8.0,117.0,25.2,32.5,0.5,0.5,0.0,0.0,53.0,1001.4,999.1,100.0,17.0,0.0,100.0,0.1,0.37,22.0,248.0,9.5,13.6,245.0,27.3,26.1,24.4,19.6,0.427,0.423,0.432,0.338,125.0,15.1,125.0,701.7,576.1,102.6,12.4,96.1,6.6,102.6
2024-07-13 09:30:00,45486.0,0.395833333333333,24.5,74.7,2340,暴雨~大雨,PID,27.0,91.0,4.5,90.5,25.35,33.0,0.4,0.4,0.0,0.0,52.0,1001.4,999.1,100.0,9.5,0.0,100.0,0.08,0.33499999999999996,19.65,252.0,6.8,10.5,250.0,27.1,26.1,24.4,19.6,0.4265,0.423,0.4315,0.338,95.0,9.05,95.0,572.5,442.25,73.9,7.25,70.3,3.65,73.9
2024-07-13 10:00:00,45486.0,0.416666666666667,24.3,74.9,2321,暴雨~大雨,PID,27.0,92.0,1.0,64.0,25.5,33.5,0.3,0.3,0.0,0.0,51.0,1001.4,999.1,100.0,2.0,0.0,100.0,0.06,0.3,17.3,256.0,4.1,7.4,255.0,26.9,26.1,24.4,19.6,0.426,0.423,0.431,0.338,65.0,3.0,65.0,443.3,308.4,45.2,2.1,44.5,0.7,45.2
2024-07-13 10:30:00,45486.0,0.4375,24.6,75.3,2329,暴雨~大雨,PID,27.05,90.5,0.5,44.0,25.35,33.6,0.3,0.3,0.0,0.0,51.0,1001.9,999.6,99.5,25.0,15.5,98.0,0.045,0.33999999999999997,12.05,268.0,2.9499999999999997,5.7,268.0,26.75,26.1,24.4,19.6,0.426,0.423,0.431,0.338,44.5,1.5,44.5,307.85,172.89999999999998,24.8,1.05,24.85,0.35,25.200000000000003
2024-07-13 11:00:00,45486.0,0.458333333333333,24.3,75.3,2516,暴雨~大雨,PID,27.1,89.0,0.0,24.0,25.2,33.7,0.3,0.3,0.0,0.0,51.0,1002.4,1000.1,99.0,48.0,31.0,96.0,0.03,0.38,6.8,280.0,1.8,4.0,281.0,26.6,26.1,24.4,19.6,0.426,0.423,0.431,0.338,24.0,0.0,24.0,172.4,37.4,4.4,0.0,5.2,0.0,5.2
2024-07-13 11:30:00,45486.0,0.479166666666667,24.6,75.4,2531,暴雨~大雨,PID,26.55,92.0,0.0,12.0,25.2,32.75,0.4,0.4,0.0,0.0,52.0,1002.75,1000.45,99.5,37.0,33.5,98.0,0.02,0.275,9.9,240.0,4.75,7.75,236.0,26.4,26.1,24.4,19.6,0.427,0.423,0.431,0.338,12.0,0.0,12.0,90.7,18.7,2.2,0.0,2.6,0.0,2.6
2024-07-13 12:00:00,45486.0,0.5,25.8,75.7,2415,暴雨~大雨,PID,26.0,95.0,0.0,0.0,25.2,31.8,0.5,0.5,0.0,0.0,53.0,1003.1,1000.8,100.0,26.0,36.0,100.0,0.01,0.17,13.0,200.0,7.7,11.5,191.0,26.2,26.1,24.4,19.6,0.428,0.423,0.431,0.338,0.0,0.0,0.0,9.0,0.0,0.0,0.0,0.0,0.0,0.0
2024-07-13 12:30:00,45486.0,0.520833333333333,26,75.7,2446,暴雨~大雨,PID,26.15,91.5,0.0,0.0,24.7,32.05,0.25,0.25,0.0,0.0,28.0,1003.8,1001.5,96.0,19.0,21.5,95.5,0.005,0.28500000000000003,9.9,243.5,4.65,7.65,244.0,26.049999999999997,25.950000000000003,24.35,19.6,0.4215,0.4215,0.431,0.3385,0.0,0.0,0.0,4.5,0.0,0.0,0.0,0.0,0.0,0.0
2024-07-13 13:00:00,45486.0,0.541666666666667,27,75.8,2387,暴雨~大雨,PID,26.3,88.0,0.0,0.0,24.2,32.3,0.0,0.0,0.0,0.0,3.0,1004.5,1002.2,92.0,12.0,7.0,91.0,0.0,0.4,6.8,287.0,1.6,3.8,297.0,25.9,25.8,24.3,19.6,0.415,0.42,0.431,0.339,0.0,0.0,0.0,0.0,0.0,0.0,0.0,0.0,0.0,0.0
2024-07-13 13:30:00,45486.0,0.5625,27.1,75.5,2205,暴雨~大雨,PID,25.950000000000003,91.0,0.0,0.0,24.35,31.9,0.0,0.0,0.0,0.0,3.0,1004.7,1002.4000000000001,96.0,25.0,5.0,95.5,0.0,0.305,5.55,268.5,2.35,4.0,261.0,25.75,25.8,24.3,19.6,0.4145,0.4195,0.431,0.339,0.0,0.0,0.0,0.0,0.0,0.0,0.0,0.0,0.0,0.0
2024-07-13 14:00:00,45486.0,0.583333333333333,26.1,74.8,2330,暴雨~大雨,PID,25.6,94.0,0.0,0.0,24.5,31.5,0.0,0.0,0.0,0.0,3.0,1004.9,1002.6,100.0,38.0,3.0,100.0,0.0,0.21,4.3,250.0,3.1,4.2,225.0,25.6,25.8,24.3,19.6,0.414,0.419,0.431,0.339,0.0,0.0,0.0,0.0,0.0,0.0,0.0,0.0,0.0,0.0
2024-07-13 14:30:00,45486.0,0.604166666666667,26.2,74.4,2340,暴雨~大雨,PID,25.35,95.0,0.0,0.0,24.45,31.15,0.35,0.35,0.0,0.0,28.0,1005.0,1002.7,100.0,69.0,19.5,100.0,0.0,0.16999999999999998,6.65,230.0,3.9000000000000004,6.449999999999999,214.0,25.5,25.75,24.3,19.6,0.418,0.4185,0.4305,0.339,0.0,0.0,0.0,0.0,0.0,0.0,0.0,0.0,0.0,0.0
2024-07-13 15:00:00,45486.0,0.625,25.3,73.6,2254,暴雨~大雨,PID,25.1,96.0,0.0,0.0,24.4,30.8,0.7,0.7,0.0,0.0,53.0,1005.1,1002.8,100.0,100.0,36.0,100.0,0.0,0.13,9.0,210.0,4.7,8.7,203.0,25.4,25.7,24.3,19.6,0.422,0.418,0.43,0.339,0.0,0.0,0.0,0.0,0.0,0.0,0.0,0.0,0.0,0.0
2024-07-13 15:30:00,45486.0,0.645833333333333,25.2,73.0,2339,暴雨~大雨,PID,25.05,96.0,0.0,0.0,24.35,30.8,0.5,0.5,0.0,0.0,52.0,1005.0,1002.7,100.0,95.5,40.0,100.0,0.0,0.13,8.8,218.5,4.2,8.55,206.0,25.299999999999997,25.7,24.3,19.6,0.422,0.418,0.43,0.3395,0.0,0.0,0.0,0.0,0.0,0.0,0.0,0.0,0.0,0.0
2024-07-13 16:00:00,45486.0,0.666666666666667,25.1,72.4,2313,暴雨~大雨,PID,25.0,96.0,0.0,0.0,24.3,30.8,0.3,0.3,0.0,0.0,51.0,1004.9,1002.6,100.0,91.0,44.0,100.0,0.0,0.13,8.6,227.0,3.7,8.4,209.0,25.2,25.7,24.3,19.6,0.422,0.418,0.43,0.34,0.0,0.0,0.0,0.0,0.0,0.0,0.0,0.0,0.0,0.0
2024-07-13 16:30:00,45486.0,0.6875,25,71.7,2345,暴雨~大雨,PID,24.95,96.0,0.0,0.0,24.25,30.6,0.2,0.2,0.0,0.0,51.0,1004.75,1002.45,100.0,47.5,41.0,100.0,0.0,0.135,8.45,208.5,4.45,7.300000000000001,182.0,25.15,25.65,24.3,19.6,0.421,0.418,0.43,0.34,0.0,0.0,0.0,0.0,0.0,0.0,0.0,0.0,0.0,0.0
2024-07-13 17:00:00,45486.0,0.708333333333333,24.8,71.0,2561,暴雨~大雨,PID,24.9,96.0,0.0,0.0,24.2,30.4,0.1,0.1,0.0,0.0,51.0,1004.6,1002.3,100.0,4.0,38.0,100.0,0.0,0.14,8.3,190.0,5.2,6.2,155.0,25.1,25.6,24.3,19.6,0.42,0.418,0.43,0.34,0.0,0.0,0.0,0.0,0.0,0.0,0.0,0.0,0.0,0.0
2024-07-13 17:30:00,45486.0,0.729166666666667,24.5,70.2,2516,暴雨~大雨,PID,24.75,96.0,0.0,0.0,24.1,30.049999999999997,0.1,0.1,0.0,0.0,51.0,1004.6500000000001,1002.3499999999999,100.0,17.5,50.5,100.0,0.0,0.125,11.7,216.0,6.050000000000001,10.25,191.0,25.0,25.55,24.3,19.6,0.4195,0.4175,0.43,0.34,0.0,0.0,0.0,0.0,0.0,0.0,0.0,0.0,0.0,0.0
2024-07-13 18:00:00,45486.0,0.75,25.1,69.8,2533,暴雨~大雨,PID,24.6,96.0,0.0,0.0,24.0,29.7,0.1,0.1,0.0,0.0,51.0,1004.7,1002.4,100.0,31.0,63.0,100.0,0.0,0.11,15.1,242.0,6.9,14.3,227.0,24.9,25.5,24.3,19.6,0.419,0.417,0.43,0.34,0.0,0.0,0.0,0.0,0.0,0.0,0.0,0.0,0.0,0.0
2024-07-13 18:30:00,45486.0,0.770833333333333,24.8,69.0,2507,暴雨~大雨,PID,24.6,96.0,0.0,0.0,24.0,30.0,0.15000000000000002,0.15000000000000002,0.0,0.0,51.0,1004.7,1002.4,100.0,24.5,39.5,100.0,0.0,0.11,13.149999999999999,244.5,4.9,11.65,218.5,24.85,25.45,24.3,19.6,0.419,0.417,0.4295,0.34,0.0,0.0,0.0,0.0,0.0,0.0,0.0,0.0,0.0,0.0
2024-07-13 19:00:00,45486.0,0.791666666666667,25.2,68.5,2293,暴雨~大雨,PID,24.6,96.0,0.0,0.0,24.0,30.3,0.2,0.2,0.0,0.0,51.0,1004.7,1002.4,100.0,18.0,16.0,100.0,0.0,0.11,11.2,247.0,2.9,9.0,210.0,24.8,25.4,24.3,19.6,0.419,0.417,0.429,0.34,0.0,0.0,0.0,0.0,0.0,0.0,0.0,0.0,0.0,0.0
2024-07-13 19:30:00,45486.0,0.8125,24.9,67.8,2396,暴雨~大雨,PID,24.65,96.0,0.0,0.0,24.0,30.450000000000003,0.1,0.1,0.0,0.0,27.0,1004.8,1002.5,100.0,51.0,11.0,100.0,0.0,0.12,8.3,247.0,2.0,5.85,159.0,24.700000000000003,25.4,24.3,19.6,0.418,0.417,0.429,0.3405,0.0,0.0,0.0,0.0,0.0,0.0,0.0,0.0,0.0,0.0
2024-07-13 20:00:00,45486.0,0.833333333333333,23.7,66.9,2220,暴雨~大雨,PID,24.7,96.0,0.0,0.0,24.0,30.6,0.0,0.0,0.0,0.0,3.0,1004.9,1002.6,100.0,84.0,6.0,100.0,0.0,0.13,5.4,247.0,1.1,2.7,108.0,24.6,25.4,24.3,19.6,0.417,0.417,0.429,0.341,0.0,0.0,0.0,0.0,0.0,0.0,0.0,0.0,0.0,0.0
2024-07-13 20:30:00,45486.0,0.854166666666667,23.4,66.4,2354,暴雨~大雨,PID,24.6,96.5,0.0,0.0,24.0,30.4,0.0,0.0,0.0,0.0,3.0,1005.0,1002.7,100.0,58.0,21.5,100.0,0.0,0.11,4.7,228.0,1.8,3.2,121.5,24.6,25.35,24.3,19.6,0.416,0.4165,0.429,0.341,0.0,0.0,0.0,0.0,0.0,0.0,0.0,0.0,0.0,0.0
2024-07-13 21:00:00,45486.0,0.875,22.4,65.7,2412,暴雨~大雨,PID,24.5,97.0,0.0,0.0,24.0,30.2,0.0,0.0,0.0,0.0,3.0,1005.1,1002.8,100.0,32.0,37.0,100.0,0.0,0.09,4.0,209.0,2.5,3.7,135.0,24.6,25.3,24.3,19.6,0.415,0.416,0.429,0.341,0.0,0.0,0.0,0.0,0.0,0.0,0.0,0.0,0.0,0.0
2024-07-13 21:30:00,45486.0,0.895833333333333,22.1,65.2,2276,暴雨~大雨,PID,24.75,96.5,0.0,7.0,24.15,30.6,0.0,0.0,0.0,0.0,3.0,1005.3,1003.0,100.0,66.0,68.5,100.0,0.01,0.11,4.0,176.0,2.2,2.75,123.5,24.6,25.25,24.3,19.6,0.4145,0.416,0.429,0.341,7.0,0.0,7.0,47.6,105.49999999999999,9.6,0.0,15.5,0.0,15.5
2024-07-13 22:00:00,45486.0,0.916666666666667,21.8,64.9,2256,暴雨~大雨,PID,25.0,96.0,0.0,14.0,24.3,31.0,0.0,0.0,0.0,0.0,3.0,1005.5,1003.2,100.0,100.0,100.0,100.0,0.02,0.13,4.0,143.0,1.9,1.8,112.0,24.6,25.2,24.3,19.6,0.414,0.416,0.429,0.341,14.0,0.0,14.0,95.2,211.0,19.2,0.0,31.0,0.0,31.0
2024-07-13 22:30:00,45486.0,0.9375,21.5,64.6,2268,暴雨~大雨,PID,25.2,95.5,0.5,30.5,24.4,31.05,0.05,0.05,0.0,0.0,27.0,1005.9,1003.6,100.0,100.0,100.0,100.0,0.03,0.14500000000000002,6.15,144.5,3.25,4.15,126.5,24.8,25.2,24.3,19.6,0.4135,0.4155,0.4285,0.341,31.0,1.9,31.0,221.10000000000002,346.55,42.95,2.65,48.15,0.7,48.85
2024-07-13 23:00:00,45486.0,0.958333333333333,21.2,64.4,2168,暴雨~大雨,PID,25.4,95.0,1.0,47.0,24.5,31.1,0.1,0.1,0.0,0.0,51.0,1006.3,1004.0,100.0,100.0,100.0,100.0,0.04,0.16,8.3,146.0,4.6,6.5,141.0,25.0,25.2,24.3,19.6,0.413,0.415,0.428,0.341,48.0,3.8,48.0,347.0,482.1,66.7,5.3,65.3,1.4,66.7
2024-07-13 23:30:00,45486.0,0.979166666666667,21,64.4,2211,暴雨~大雨,PID,25.35,94.5,0.5,44.0,24.4,30.9,0.45000000000000007,0.45000000000000007,0.0,0.0,52.0,1006.45,1004.15,100.0,100.0,100.0,100.0,0.04,0.18,12.450000000000001,158.0,5.5,8.2,152.5,25.05,25.15,24.3,19.6,0.4175,0.415,0.428,0.341,44.5,1.9,44.5,479.5,610.0500000000001,58.05,2.65,57.35,0.7,58.05
2024-07-14 00:00:00,45487.0,0.0,20,70.4,2225,阴~晴,PID,25.3,94.0,0.0,41.0,24.3,30.7,0.8,0.8,0.0,0.0,53.0,1006.6,1004.3,100.0,100.0,100.0,100.0,0.04,0.2,16.6,170.0,6.4,9.9,164.0,25.1,25.1,24.3,19.6,0.422,0.415,0.428,0.341,41.0,0.0,41.0,612.0,738.0,49.4,0.0,49.4,0.0,49.4
2024-07-14 00:30:00,45487.0,0.0208333333333333,20.2,71.1,2258,阴~晴,PID,25.4,91.5,1.0,80.0,23.950000000000003,30.85,0.7,0.7,0.0,0.0,53.0,1007.2,1004.9,100.0,67.5,100.0,100.0,0.07,0.275,15.700000000000001,231.5,4.4,6.300000000000001,230.5,25.4,25.1,24.3,19.6,0.4255,0.4245,0.431,0.342,81.0,1.55,81.0,732.5,849.6,92.9,1.75,91.75,1.15,92.9
2024-07-14 01:00:00,45487.0,0.0416666666666667,20.4,71.8,2242,阴~晴,PID,25.5,89.0,2.0,119.0,23.6,31.0,0.6,0.6,0.0,0.0,53.0,1007.8,1005.5,100.0,35.0,100.0,100.0,0.1,0.35,14.8,293.0,2.4,2.7,297.0,25.7,25.1,24.3,19.6,0.429,0.434,0.434,0.343,121.0,3.1,121.0,853.0,961.2,136.4,3.5,134.1,2.3,136.4
2024-07-14 01:30:00,45487.0,0.0625,20.7,72.6,2213,阴~晴,PID,25.7,89.0,7.0,145.5,23.8,31.3,1.2000000000000002,1.2000000000000002,0.0,0.0,57.0,1007.65,1005.35,100.0,17.5,100.0,100.0,0.12000000000000001,0.355,14.8,225.5,2.8,3.3,225.0,25.9,25.15,24.3,19.65,0.4325,0.4355,0.434,0.343,152.5,9.1,152.5,953.25,1048.95,167.45,9.9,159.85,7.6000000000000005,167.45
2024-07-14 02:00:00,45487.0,0.0833333333333333,21,73.3,2264,阴~晴,PID,25.9,89.0,12.0,172.0,24.0,31.6,1.8,1.8,0.0,0.0,61.0,1007.5,1005.2,100.0,0.0,100.0,100.0,0.14,0.36,14.8,158.0,3.2,3.9,153.0,26.1,25.2,24.3,19.7,0.436,0.437,0.434,0.343,184.0,15.1,184.0,1053.5,1136.7,198.5,16.3,185.6,12.9,198.5
2024-07-14 02:30:00,45487.0,0.104166666666667,21.3,74.0,2275,阴~晴,PID,26.15,89.0,8.5,189.5,24.15,31.75,1.3,1.3,0.0,0.0,57.0,1007.65,1005.35,100.0,22.0,68.0,100.0,0.15000000000000002,0.375,13.350000000000001,153.0,4.35,5.35,150.5,26.25,25.25,24.3,19.7,0.4355,0.437,0.434,0.343,198.0,10.3,198.0,1126.7,1194.5500000000002,209.9,11.05,200.85,9.05,209.9
2024-07-14 03:00:00,45487.0,0.125,21.6,74.7,2280,阴~晴,PID,26.4,89.0,5.0,207.0,24.3,31.9,0.8,0.8,0.0,0.0,53.0,1007.8,1005.5,100.0,44.0,36.0,100.0,0.16,0.39,11.9,148.0,5.5,6.8,148.0,26.4,25.3,24.3,19.7,0.435,0.437,0.434,0.343,212.0,5.5,212.0,1199.9,1252.4,221.3,5.8,216.1,5.2,221.3
2024-07-14 03:30:00,45487.0,0.145833333333333,21.9,75.3,2269,阴~晴,PID,26.9,87.0,27.5,245.0,24.5,32.5,0.7,0.7,0.0,0.0,53.0,1007.75,1005.45,100.0,45.0,68.0,100.0,0.20500000000000002,0.46,12.8,159.5,5.45,6.85,160.0,26.75,25.35,24.3,19.7,0.4335,0.4365,0.434,0.3435,272.5,28.55,272.5,1241.0500000000002,1276.4,279.5,29.05,251.55,27.95,279.5
2024-07-14 04:00:00,45487.0,0.166666666666667,22.3,75.9,2373,阴~晴,PID,27.4,85.0,50.0,283.0,24.7,33.1,0.6,0.6,0.0,0.0,53.0,1007.7,1005.4,100.0,46.0,100.0,100.0,0.25,0.53,13.7,171.0,5.4,6.9,172.0,27.1,25.4,24.3,19.7,0.432,0.436,0.434,0.344,333.0,51.6,333.0,1282.2,1300.4,337.7,52.3,287.0,50.7,337.7
2024-07-14 04:30:00,45487.0,0.1875,22.6,76.4,2312,阴~晴,PID,27.45,86.5,27.5,263.0,24.95,33.25,0.8500000000000001,0.8500000000000001,0.0,0.0,54.0,1007.5,1005.2,100.0,60.5,65.0,100.0,0.22,0.495,14.05,178.0,5.95,7.8,177.5,27.15,25.45,24.3,19.7,0.4345,0.436,0.434,0.344,290.5,28.35,290.5,1288.5,1288.95,291.2,28.65,263.35,27.8,291.2
2024-07-14 05:00:00,45487.0,0.208333333333333,22.9,76.8,2354,阴~晴,PID,27.5,88.0,5.0,243.0,25.2,33.4,1.1,1.1,0.0,0.0,55.0,1007.3,1005.0,100.0,75.0,30.0,100.0,0.19,0.46,14.4,185.0,6.5,8.7,183.0,27.2,25.5,24.3,19.7,0.437,0.436,0.434,0.344,248.0,5.1,248.0,1294.8,1277.5,244.7,5.0,239.7,4.9,244.7
2024-07-14 05:30:00,45487.0,0.229166666666667,23.2,77.2,2324,阴~晴,PID,27.55,88.0,3.0,211.5,25.299999999999997,33.5,1.15,1.15,0.0,0.0,55.0,1007.0,1004.7,100.0,57.0,22.0,100.0,0.16999999999999998,0.46,13.850000000000001,180.0,6.7,8.7,178.5,27.25,25.55,24.3,19.7,0.4375,0.4365,0.434,0.344,214.5,3.0999999999999996,214.5,1265.8500000000001,1231.3,209.05,3.0,206.1,2.95,209.05
2024-07-14 06:00:00,45487.0,0.25,23.5,77.4,2480,阴~晴,PID,27.6,88.0,1.0,180.0,25.4,33.6,1.2,1.2,0.0,0.0,55.0,1006.7,1004.4,100.0,39.0,14.0,100.0,0.15,0.46,13.3,175.0,6.9,8.7,174.0,27.3,25.6,24.3,19.7,0.438,0.437,0.434,0.344,181.0,1.1,181.0,1236.9,1185.1,173.4,1.0,172.5,1.0,173.4
2024-07-14 06:30:00,45487.0,0.270833333333333,23.8,77.6,2403,阴~晴,PID,27.35,88.5,2.0,169.0,25.25,33.3,1.15,1.15,0.0,0.0,55.0,1006.7,1004.4,100.0,66.0,56.0,100.0,0.14,0.43,15.450000000000001,181.0,6.7,8.899999999999999,178.5,27.200000000000003,25.65,24.3,19.7,0.438,0.4375,0.434,0.3445,171.0,2.35,171.0,1174.5500000000002,1107.35,161.2,2.15,159.4,1.9,161.2
2024-07-14 07:00:00,45487.0,0.291666666666667,24,77.7,2483,阴~晴,PID,27.1,89.0,3.0,158.0,25.1,33.0,1.1,1.1,0.0,0.0,55.0,1006.7,1004.4,100.0,93.0,98.0,100.0,0.13,0.4,17.6,187.0,6.5,9.1,183.0,27.1,25.7,24.3,19.7,0.438,0.438,0.434,0.345,161.0,3.6,161.0,1112.2,1029.6,149.0,3.3,146.3,2.8,149.0
2024-07-14 07:30:00,45487.0,0.3125,24.2,77.6,2450,阴~晴,PID,26.950000000000003,90.5,1.5,141.5,25.200000000000003,32.9,1.15,1.15,0.0,0.0,55.0,1006.55,1004.25,100.0,65.0,99.0,100.0,0.115,0.35,14.75,156.5,6.4,8.55,148.5,27.05,25.7,24.3,19.7,0.435,0.438,0.4345,0.345,143.0,1.8,143.0,1020.8,925.5999999999999,129.75,1.6500000000000001,128.4,1.4,129.75
2024-07-14 08:00:00,45487.0,0.333333333333333,24.9,77.7,2378,阴~晴,PID,26.8,92.0,0.0,125.0,25.3,32.8,1.2,1.2,0.0,0.0,55.0,1006.4,1004.1,100.0,37.0,100.0,100.0,0.1,0.3,11.9,126.0,6.3,8.0,114.0,27.0,25.7,24.3,19.7,0.432,0.438,0.435,0.345,125.0,0.0,125.0,929.4,821.6,110.5,0.0,110.5,0.0,110.5
2024-07-14 08:30:00,45487.0,0.354166666666667,25,77.4,2325,阴~晴,PID,26.8,92.0,0.0,105.5,25.35,33.0,1.2999999999999998,1.2999999999999998,0.0,0.0,58.0,1006.45,1004.1500000000001,100.0,34.0,100.0,100.0,0.085,0.29000000000000004,12.05,129.5,5.199999999999999,7.2,109.5,26.9,25.75,24.3,19.7,0.4335,0.4385,0.435,0.3455,105.5,0.0,105.5,815.15,698.4000000000001,90.55,0.0,90.55,0.0,90.55
2024-07-14 09:00:00,45487.0,0.375,26,77.4,2340,阴~晴,PID,26.8,92.0,0.0,86.0,25.4,33.2,1.4,1.4,0.0,0.0,61.0,1006.5,1004.2,100.0,31.0,100.0,100.0,0.07,0.28,12.2,133.0,4.1,6.4,105.0,26.8,25.8,24.3,19.7,0.435,0.439,0.435,0.346,86.0,0.0,86.0,700.9,575.2,70.6,0.0,70.6,0.0,70.6
2024-07-14 09:30:00,45487.0,0.395833333333333,26,76.9,2352,阴~晴,PID,26.65,93.5,0.0,63.0,25.5,33.0,1.25,1.25,0.0,0.0,58.0,1006.6,1004.3,100.0,22.0,97.0,100.0,0.05500000000000001,0.23,11.3,134.0,5.05,9.05,110.0,26.65,25.8,24.3,19.7,0.4345,0.438,0.4355,0.346,63.0,0.0,63.0,571.55,441.20000000000005,49.199999999999996,0.0,49.199999999999996,0.0,49.199999999999996
2024-07-14 10:00:00,45487.0,0.416666666666667,25.4,76.3,2354,阴~晴,PID,26.5,95.0,0.0,40.0,25.6,32.8,1.1,1.1,0.0,0.0,55.0,1006.7,1004.4,100.0,13.0,94.0,100.0,0.04,0.18,10.4,135.0,6.0,11.7,115.0,26.5,25.8,24.3,19.7,0.434,0.437,0.436,0.346,40.0,0.0,40.0,442.2,307.2,27.8,0.0,27.8,0.0,27.8
2024-07-14 10:30:00,45487.0,0.4375,25.4,75.7,2331,阴~晴,PID,26.45,95.5,0.0,28.0,25.65,32.849999999999994,0.8500000000000001,0.8500000000000001,0.0,0.0,54.0,1006.95,1004.65,100.0,8.0,97.0,100.0,0.03,0.155,10.25,139.0,5.35,11.899999999999999,118.5,26.35,25.8,24.3,19.7,0.4335,0.437,0.436,0.346,28.0,0.0,28.0,306.6,171.54999999999998,15.3,0.0,15.6,0.0,15.6
2024-07-14 11:00:00,45487.0,0.458333333333333,24.4,74.9,2615,阴~晴,PID,26.4,96.0,0.0,16.0,25.7,32.9,0.6,0.6,0.0,0.0,53.0,1007.2,1004.9,100.0,3.0,100.0,100.0,0.02,0.13,10.1,143.0,4.7,12.1,122.0,26.2,25.8,24.3,19.7,0.433,0.437,0.436,0.346,16.0,0.0,16.0,171.0,35.9,2.8,0.0,3.4,0.0,3.4
2024-07-14 11:30:00,45487.0,0.479166666666667,24.3,74.2,2359,阴~晴,PID,26.35,96.5,0.0,8.0,25.7,32.849999999999994,0.44999999999999996,0.44999999999999996,0.0,0.0,52.0,1007.45,1005.15,100.0,3.5,100.0,100.0,0.015,0.125,9.0,146.5,4.7,12.1,122.0,26.1,25.8,24.3,19.7,0.4315,0.4365,0.4355,0.3465,8.0,0.0,8.0,89.6,17.95,1.4,0.0,1.6999999999999997,0.0,1.6999999999999997
2024-07-14 12:00:00,45487.0,0.5,24.9,73.7,2377,阴~晴,PID,26.3,97.0,0.0,0.0,25.7,32.8,0.3,0.3,0.0,0.0,51.0,1007.7,1005.4,100.0,4.0,100.0,100.0,0.01,0.12,7.9,150.0,4.7,12.1,122.0,26.0,25.8,24.3,19.7,0.43,0.436,0.435,0.347,0.0,0.0,0.0,8.2,0.0,0.0,0.0,0.0,0.0,0.0
2024-07-14 12:30:00,45487.0,0.520833333333333,24.7,73.0,2414,阴~晴,PID,26.05,97.0,0.0,0.0,25.549999999999997,32.5,0.15,0.15,0.0,0.0,27.0,1008.25,1005.95,100.0,10.0,100.0,100.0,0.005,0.105,11.7,167.0,4.5,11.1,172.0,25.9,25.65,24.3,19.7,0.4255,0.432,0.4345,0.3475,0.0,0.0,0.0,4.1,0.0,0.0,0.0,0.0,0.0,0.0
2024-07-14 13:00:00,45487.0,0.541666666666667,25.4,72.5,2223,阴~晴,PID,25.8,97.0,0.0,0.0,25.4,32.2,0.0,0.0,0.0,0.0,3.0,1008.8,1006.5,100.0,16.0,100.0,100.0,0.0,0.09,15.5,184.0,4.3,10.1,222.0,25.8,25.5,24.3,19.7,0.421,0.428,0.434,0.348,0.0,0.0,0.0,0.0,0.0,0.0,0.0,0.0,0.0,0.0
2024-07-14 13:30:00,45487.0,0.5625,25.1,71.8,2388,阴~晴,PID,25.55,97.0,0.0,0.0,25.1,31.700000000000003,2.05,2.05,0.0,0.0,33.0,1008.9,1006.6,99.5,28.0,94.5,92.0,0.0,0.09,15.5,184.5,4.699999999999999,9.55,199.0,25.65,25.5,24.3,19.7,0.4295,0.4315,0.434,0.348,0.0,0.0,0.0,0.0,0.0,0.0,0.0,0.0,0.0,0.0
2024-07-14 14:00:00,45487.0,0.583333333333333,24,70.8,2310,阴~晴,PID,25.3,97.0,0.0,0.0,24.8,31.2,4.1,4.1,0.0,0.0,63.0,1009.0,1006.7,99.0,40.0,89.0,84.0,0.0,0.09,15.5,185.0,5.1,9.0,176.0,25.5,25.5,24.3,19.7,0.438,0.435,0.434,0.348,0.0,0.0,0.0,0.0,0.0,0.0,0.0,0.0,0.0,0.0
2024-07-14 14:30:00,45487.0,0.604166666666667,23.7,70.1,2310,阴~晴,PID,25.200000000000003,97.5,0.0,0.0,24.8,31.299999999999997,3.0,3.0,0.0,0.0,62.0,1009.1,1006.8,99.0,56.5,72.5,87.0,0.0,0.075,13.5,238.0,3.55,6.05,245.5,25.4,25.45,24.25,19.7,0.4385,0.437,0.434,0.348,0.0,0.0,0.0,0.0,0.0,0.0,0.0,0.0,0.0,0.0
2024-07-14 15:00:00,45487.0,0.625,22.5,69.2,2316,阴~晴,PID,25.1,98.0,0.0,0.0,24.8,31.4,1.9,1.9,0.0,0.0,61.0,1009.2,1006.9,99.0,73.0,56.0,90.0,0.0,0.06,11.5,291.0,2.0,3.1,315.0,25.3,25.4,24.2,19.7,0.439,0.439,0.434,0.348,0.0,0.0,0.0,0.0,0.0,0.0,0.0,0.0,0.0,0.0
2024-07-14 15:30:00,45487.0,0.645833333333333,22.1,68.6,2207,阴~晴,PID,24.950000000000003,98.5,0.0,0.0,24.65,30.9,1.2999999999999998,1.2999999999999998,0.0,0.0,57.0,1009.1500000000001,1006.8499999999999,99.5,86.5,73.5,93.0,0.0,0.055,9.9,312.0,3.6499999999999995,5.15,323.5,25.15,25.4,24.2,19.7,0.435,0.438,0.434,0.3485,0.0,0.0,0.0,0.0,0.0,0.0,0.0,0.0,0.0,0.0
2024-07-14 16:00:00,45487.0,0.666666666666667,21.8,68.1,2281,阴~晴,PID,24.8,99.0,0.0,0.0,24.5,30.4,0.7,0.7,0.0,0.0,53.0,1009.1,1006.8,100.0,100.0,91.0,96.0,0.0,0.05,8.3,333.0,5.3,7.2,332.0,25.0,25.4,24.2,19.7,0.431,0.437,0.434,0.349,0.0,0.0,0.0,0.0,0.0,0.0,0.0,0.0,0.0,0.0
2024-07-14 16:30:00,45487.0,0.6875,21.5,67.6,2344,阴~晴,PID,24.65,99.0,0.0,0.0,24.35,30.25,2.8,2.8,0.0,0.0,58.0,1008.75,1006.45,100.0,56.5,92.5,98.0,0.0,0.05,11.15,168.0,4.949999999999999,6.85,175.0,24.95,25.35,24.2,19.7,0.435,0.438,0.4355,0.349,0.0,0.0,0.0,0.0,0.0,0.0,0.0,0.0,0.0,0.0
2024-07-14 17:00:00,45487.0,0.708333333333333,21.1,67.2,2505,阴~晴,PID,24.5,99.0,0.0,0.0,24.2,30.1,4.9,4.9,0.0,0.0,63.0,1008.4,1006.1,100.0,13.0,94.0,100.0,0.0,0.05,14.0,3.0,4.6,6.5,18.0,24.9,25.3,24.2,19.7,0.439,0.439,0.437,0.349,0.0,0.0,0.0,0.0,0.0,0.0,0.0,0.0,0.0,0.0
2024-07-14 17:30:00,45487.0,0.729166666666667,20.8,66.9,2548,阴~晴,PID,24.5,98.5,0.0,0.0,24.2,30.0,4.45,4.45,0.0,0.0,63.0,1008.4,1006.1,100.0,18.0,97.0,100.0,0.0,0.05,14.75,27.5,4.9,7.35,37.0,24.799999999999997,25.3,24.2,19.7,0.4385,0.437,0.4375,0.3495,0.0,0.0,0.0,0.0,0.0,0.0,0.0,0.0,0.0,0.0
2024-07-14 18:00:00,45487.0,0.75,21.1,66.8,2466,阴~晴,PID,24.5,98.0,0.0,0.0,24.2,29.9,4.0,4.0,0.0,0.0,63.0,1008.4,1006.1,100.0,23.0,100.0,100.0,0.0,0.05,15.5,52.0,5.2,8.2,56.0,24.7,25.3,24.2,19.7,0.438,0.435,0.438,0.35,0.0,0.0,0.0,0.0,0.0,0.0,0.0,0.0,0.0,0.0
2024-07-14 18:30:00,45487.0,0.770833333333333,20.9,66.7,2501,阴~晴,PID,24.4,98.5,0.0,0.0,24.15,30.049999999999997,2.85,2.85,0.0,0.0,62.0,1008.25,1005.95,100.0,60.0,95.5,99.5,0.0,0.045,14.25,95.5,3.5,6.0,73.0,24.65,25.25,24.2,19.7,0.432,0.4355,0.4385,0.3505,0.0,0.0,0.0,0.0,0.0,0.0,0.0,0.0,0.0,0.0
2024-07-14 19:00:00,45487.0,0.791666666666667,21.7,67.0,2374,阴~晴,PID,24.3,99.0,0.0,0.0,24.1,30.2,1.7,1.7,0.0,0.0,61.0,1008.1,1005.8,100.0,97.0,91.0,99.0,0.0,0.04,13.0,139.0,1.8,3.8,90.0,24.6,25.2,24.2,19.7,0.426,0.436,0.439,0.351,0.0,0.0,0.0,0.0,0.0,0.0,0.0,0.0,0.0,0.0
2024-07-14 19:30:00,45487.0,0.8125,21.5,67.1,2254,阴~晴,PID,24.4,98.5,0.0,0.0,24.1,30.0,1.45,1.45,0.0,0.0,58.0,1008.2,1005.9,100.0,93.0,48.5,99.5,0.0,0.05500000000000001,11.55,102.0,3.95,6.1,70.0,24.55,25.15,24.2,19.7,0.43,0.434,0.4385,0.3515,0.0,0.0,0.0,0.0,0.0,0.0,0.0,0.0,0.0,0.0
2024-07-14 20:00:00,45487.0,0.833333333333333,20.8,67.1,2277,阴~晴,PID,24.5,98.0,0.0,0.0,24.1,29.8,1.2,1.2,0.0,0.0,55.0,1008.3,1006.0,100.0,89.0,6.0,100.0,0.0,0.07,10.1,65.0,6.1,8.4,50.0,24.5,25.1,24.2,19.7,0.434,0.432,0.438,0.352,0.0,0.0,0.0,0.0,0.0,0.0,0.0,0.0,0.0,0.0
2024-07-14 20:30:00,45487.0,0.854166666666667,20.7,67.4,2258,阴~晴,PID,24.45,98.0,0.0,0.0,24.1,29.75,0.7,0.7,0.0,0.0,53.0,1008.3499999999999,1006.05,100.0,46.5,51.5,98.5,0.0,0.065,10.45,69.5,5.9,8.7,52.5,24.5,25.1,24.2,19.7,0.432,0.4315,0.4375,0.3525,0.0,0.0,0.0,0.0,0.0,0.0,0.0,0.0,0.0,0.0
2024-07-14 21:00:00,45487.0,0.875,19.6,67.5,2383,阴~晴,PID,24.4,98.0,0.0,0.0,24.1,29.7,0.2,0.2,0.0,0.0,51.0,1008.4,1006.1,100.0,4.0,97.0,97.0,0.0,0.06,10.8,74.0,5.7,9.0,55.0,24.5,25.1,24.2,19.7,0.43,0.431,0.437,0.353,0.0,0.0,0.0,0.0,0.0,0.0,0.0,0.0,0.0,0.0
2024-07-14 21:30:00,45487.0,0.895833333333333,19.6,67.9,2301,阴~晴,PID,24.5,98.0,0.5,7.5,24.200000000000003,29.9,0.2,0.2,0.0,0.0,51.0,1008.7,1006.4000000000001,100.0,2.0,98.5,66.0,0.005,0.06,9.9,86.5,5.85,7.95,60.0,24.55,25.05,24.2,19.7,0.429,0.43,0.437,0.3535,8.0,4.35,8.0,47.05,104.4,10.95,5.95,16.65,1.1,17.75
2024-07-14 22:00:00,45487.0,0.916666666666667,19.6,68.4,2208,阴~晴,PID,24.6,98.0,1.0,15.0,24.3,30.1,0.2,0.2,0.0,0.0,51.0,1009.0,1006.7,100.0,0.0,100.0,35.0,0.01,0.06,9.0,99.0,6.0,6.9,65.0,24.6,25.0,24.2,19.7,0.428,0.429,0.437,0.354,16.0,8.7,16.0,94.1,208.8,21.9,11.9,33.3,2.2,35.5
2024-07-14 22:30:00,45487.0,0.9375,19.7,69.0,2251,阴~晴,PID,24.65,98.0,0.5,28.5,24.35,29.950000000000003,0.15000000000000002,0.15000000000000002,0.0,0.0,51.0,1009.2,1006.9000000000001,100.0,7.5,100.0,66.0,0.019999999999999997,0.06,12.25,75.0,7.45,10.85,54.0,24.65,25.0,24.2,19.7,0.4265,0.4285,0.4365,0.354,29.0,4.35,29.0,219.5,344.5,40.2,5.95,45.9,1.1,47.0
2024-07-14 23:00:00,45487.0,0.958333333333333,19.8,69.7,2239,阴~晴,PID,24.7,98.0,0.0,42.0,24.4,29.8,0.1,0.1,0.0,0.0,51.0,1009.4,1007.1,100.0,15.0,100.0,97.0,0.03,0.06,15.5,51.0,8.9,14.8,43.0,24.7,25.0,24.2,19.7,0.425,0.428,0.436,0.354,42.0,0.0,42.0,344.9,480.2,58.5,0.0,58.5,0.0,58.5
2024-07-14 23:30:00,45487.0,0.979166666666667,20,70.4,2211,阴~晴,PID,24.95,96.0,1.5,57.5,24.25,30.200000000000003,0.1,0.1,0.0,0.0,51.0,1009.3,1007.0,100.0,7.5,100.0,98.5,0.045,0.13,15.5,58.5,7.2,11.35,50.5,24.85,24.95,24.2,19.7,0.4245,0.4275,0.436,0.3545,59.0,3.25,59.0,477.55,608.3,75.1,3.9499999999999997,73.3,1.8,75.1
2024-07-15 00:00:00,45488.0,0.0,20.5,66.9,2208,阴,PID,25.2,94.0,3.0,73.0,24.1,30.6,0.1,0.1,0.0,0.0,51.0,1009.2,1006.9,100.0,0.0,100.0,100.0,0.06,0.2,15.5,66.0,5.5,7.9,58.0,25.0,24.9,24.2,19.7,0.424,0.427,0.436,0.355,76.0,6.5,76.0,610.2,736.4,91.7,7.9,88.1,3.6,91.7
2024-07-15 00:30:00,45488.0,0.0208333333333333,20.3,66.9,2264,阴,PID,26.9,90.5,96.0,142.0,25.200000000000003,33.3,0.05,0.05,0.0,0.0,27.0,1009.4000000000001,1007.0999999999999,100.0,0.0,100.0,100.0,0.175,0.345,14.95,123.0,3.45,5.050000000000001,119.0,26.1,25.0,24.2,19.75,0.4245,0.4225,0.4335,0.353,238.0,150.15,238.0,730.85,848.2,271.3,169.55,163.0,108.35,271.3
2024-07-15 01:00:00,45488.0,0.0416666666666667,20.1,67.0,2260,阴,PID,28.6,87.0,189.0,211.0,26.3,36.0,0.0,0.0,0.0,0.0,3.0,1009.6,1007.3,100.0,0.0,100.0,100.0,0.29,0.49,14.4,180.0,1.4,2.2,180.0,27.2,25.1,24.2,19.8,0.425,0.418,0.431,0.351,400.0,293.8,400.0,851.5,960.0,450.9,331.2,237.9,213.1,450.9
2024-07-15 01:30:00,45488.0,0.0625,19.9,67.2,2180,阴,PID,28.4,88.0,94.5,153.0,26.25,35.7,0.0,0.0,0.0,0.0,3.0,1009.8,1007.5,100.0,1.5,100.0,64.0,0.185,0.45999999999999996,12.25,138.5,1.95,2.55,135.0,27.15,25.200000000000003,24.2,19.8,0.423,0.418,0.431,0.3515,247.5,146.9,247.5,951.95,1047.85,276.7,165.6,170.2,106.55000000000001,276.7
2024-07-15 02:00:00,45488.0,0.0833333333333333,19.9,67.5,2284,阴,PID,28.2,89.0,0.0,95.0,26.2,35.4,0.0,0.0,0.0,0.0,3.0,1010.0,1007.7,100.0,3.0,100.0,28.0,0.08,0.43,10.1,97.0,2.5,2.9,90.0,27.1,25.3,24.2,19.8,0.421,0.418,0.431,0.352,95.0,0.0,95.0,1052.4,1135.7,102.5,0.0,102.5,0.0,102.5
2024-07-15 02:30:00,45488.0,0.104166666666667,19.8,67.8,2243,阴,PID,28.6,87.5,11.5,153.0,26.299999999999997,35.8,0.0,0.0,0.0,0.0,3.0,1009.8,1007.5,96.5,20.0,86.5,43.5,0.135,0.495,10.1,99.0,2.7,3.3,93.5,27.4,25.35,24.2,19.8,0.4195,0.418,0.4305,0.352,164.5,12.7,164.5,1125.75,1193.7,173.4,13.25,161.4,12.0,173.4
2024-07-15 03:00:00,45488.0,0.125,19.8,68.3,2310,阴,PID,29.0,86.0,23.0,211.0,26.4,36.2,0.0,0.0,0.0,0.0,3.0,1009.6,1007.3,93.0,37.0,73.0,59.0,0.19,0.56,10.1,101.0,2.9,3.7,97.0,27.7,25.4,24.2,19.8,0.418,0.418,0.43,0.352,234.0,25.4,234.0,1199.1,1251.7,244.3,26.5,220.3,24.0,244.3
2024-07-15 03:30:00,45488.0,0.145833333333333,19.8,68.8,2317,阴,PID,29.5,85.0,179.5,272.0,26.65,36.650000000000006,0.25,0.25,0.0,0.0,28.0,1009.6,1007.3,96.5,30.0,58.0,79.5,0.32999999999999996,0.625,17.85,160.0,6.949999999999999,8.350000000000001,159.0,28.45,25.5,24.2,19.8,0.4185,0.417,0.43,0.352,451.5,186.20000000000002,451.5,1240.35,1275.75,461.4,189.25,279.0,182.4,461.4
2024-07-15 04:00:00,45488.0,0.166666666666667,19.9,69.4,2326,阴,PID,30.0,84.0,336.0,333.0,26.9,37.1,0.5,0.5,0.0,0.0,53.0,1009.6,1007.3,100.0,23.0,43.0,100.0,0.47,0.69,25.6,219.0,11.0,13.0,221.0,29.2,25.6,24.2,19.8,0.419,0.416,0.43,0.352,669.0,347.0,669.0,1281.6,1299.8,678.5,352.0,337.7,340.8,678.5
2024-07-15 04:30:00,45488.0,0.1875,20,70.1,2302,阴,PID,29.6,83.5,341.0,302.0,26.5,36.6,3.0,3.0,0.0,0.0,58.0,1009.3,1007.0,100.0,13.0,57.5,100.0,0.45999999999999996,0.6799999999999999,27.55,241.0,8.9,10.85,244.0,29.35,25.75,24.2,19.8,0.4235,0.42,0.43,0.352,643.0,350.45,643.0,1287.9499999999998,1288.4,643.6,350.55,302.54999999999995,341.1,643.6
2024-07-15 05:00:00,45488.0,0.208333333333333,20.2,70.8,2243,阴,PID,29.2,83.0,346.0,271.0,26.1,36.1,5.5,5.5,0.0,0.0,63.0,1009.0,1006.7,100.0,3.0,72.0,100.0,0.45,0.67,29.5,263.0,6.8,8.7,267.0,29.5,25.9,24.2,19.8,0.428,0.424,0.43,0.352,617.0,353.9,617.0,1294.3,1277.0,608.7,349.1,267.4,341.4,608.7
2024-07-15 05:30:00,45488.0,0.229166666666667,20.4,71.5,2351,阴,PID,29.2,83.5,196.0,285.0,26.1,35.95,2.85,2.85,0.0,0.0,57.0,1008.7,1006.4000000000001,100.0,18.0,56.0,100.0,0.355,0.665,23.55,263.5,6.3,7.949999999999999,266.5,29.45,26.0,24.2,19.8,0.4265,0.4235,0.4295,0.352,481.0,201.6,481.0,1265.3500000000001,1230.8,469.65000000000003,198.15,276.95,192.75,469.65000000000003
2024-07-15 06:00:00,45488.0,0.25,20.6,72.2,2565,阴,PID,29.2,84.0,46.0,299.0,26.1,35.8,0.2,0.2,0.0,0.0,51.0,1008.4,1006.1,100.0,33.0,40.0,100.0,0.26,0.66,17.6,264.0,5.8,7.2,266.0,29.4,26.1,24.2,19.8,0.425,0.423,0.429,0.352,345.0,49.3,345.0,1236.4,1184.6,330.6,47.2,286.5,44.1,330.6
2024-07-15 06:30:00,45488.0,0.270833333333333,20.9,73.0,2384,阴,PID,29.95,79.5,145.0,303.0,25.950000000000003,36.2,0.1,0.1,0.0,0.0,27.0,1008.0999999999999,1005.8,100.0,66.5,22.0,100.0,0.33999999999999997,0.885,18.5,245.0,7.5,9.35,247.0,29.65,26.200000000000003,24.2,19.8,0.423,0.423,0.429,0.3525,448.0,169.9,448.0,1174.0500000000002,1106.8,420.3,158.05,285.35,135.0,420.3
2024-07-15 07:00:00,45488.0,0.291666666666667,21.2,73.7,2441,阴,PID,30.7,75.0,244.0,307.0,25.8,36.6,0.0,0.0,0.0,0.0,3.0,1007.8,1005.5,100.0,100.0,4.0,100.0,0.42,1.11,19.4,226.0,9.2,11.5,228.0,29.9,26.3,24.2,19.8,0.421,0.423,0.429,0.353,551.0,290.5,551.0,1111.7,1029.0,510.0,268.9,284.2,225.9,510.0
2024-07-15 07:30:00,45488.0,0.3125,21.5,74.4,2650,阴,PID,30.95,74.0,193.0,295.5,25.75,36.75,0.0,0.0,0.0,0.0,3.0,1007.5,1005.2,99.5,78.5,2.0,99.0,0.38,1.175,19.4,225.0,9.55,12.0,226.0,29.9,26.450000000000003,24.2,19.8,0.419,0.4225,0.429,0.353,488.5,246.45,488.5,1020.25,924.9,443.25,223.89999999999998,267.6,175.7,443.25
2024-07-15 08:00:00,45488.0,0.333333333333333,22.6,75.3,2376,阴,PID,31.2,73.0,142.0,284.0,25.7,36.9,0.0,0.0,0.0,0.0,3.0,1007.2,1004.9,99.0,57.0,0.0,98.0,0.34,1.24,19.4,224.0,9.9,12.5,224.0,29.9,26.6,24.2,19.8,0.417,0.422,0.429,0.353,426.0,202.4,426.0,928.8,820.8,376.5,178.9,251.0,125.5,376.5
2024-07-15 08:30:00,45488.0,0.354166666666667,22.9,75.9,2304,阴,PID,31.049999999999997,74.0,122.0,238.5,25.85,37.05,0.0,0.0,0.0,0.0,3.0,1007.1500000000001,1004.8499999999999,99.0,36.5,4.0,98.5,0.29000000000000004,1.165,19.049999999999997,217.0,8.8,11.25,216.0,29.799999999999997,26.700000000000003,24.2,19.8,0.4155,0.4215,0.4285,0.353,360.5,197.65,360.5,814.4,697.5,309.25,168.55,204.65,104.6,309.25
2024-07-15 09:00:00,45488.0,0.375,23.8,76.7,2325,阴,PID,30.9,75.0,102.0,193.0,26.0,37.2,0.0,0.0,0.0,0.0,3.0,1007.1,1004.8,99.0,16.0,8.0,99.0,0.24,1.09,18.7,210.0,7.7,10.0,208.0,29.7,26.8,24.2,19.8,0.414,0.421,0.428,0.353,295.0,192.9,295.0,700.0,574.2,242.0,158.2,158.3,83.7,242.0
2024-07-15 09:30:00,45488.0,0.395833333333333,24.1,77.2,2277,阴,PID,30.6,78.0,70.5,154.0,26.3,37.150000000000006,0.0,0.0,0.0,0.0,3.0,1007.1500000000001,1004.8499999999999,99.5,8.5,6.0,99.5,0.185,0.96,16.75,193.0,7.1,10.4,191.0,29.5,26.85,24.2,19.8,0.413,0.4205,0.428,0.353,224.5,155.0,224.5,570.55,440.05,174.4,119.69999999999999,119.05000000000001,55.35,174.4
2024-07-15 10:00:00,45488.0,0.416666666666667,23.7,77.4,2293,阴,PID,30.3,81.0,39.0,115.0,26.6,37.1,0.0,0.0,0.0,0.0,3.0,1007.2,1004.9,100.0,1.0,4.0,100.0,0.13,0.83,14.8,176.0,6.5,10.8,174.0,29.3,26.9,24.2,19.8,0.412,0.42,0.428,0.353,154.0,117.1,154.0,441.1,305.9,106.8,81.2,79.8,27.0,106.8
2024-07-15 10:30:00,45488.0,0.4375,24,77.7,2376,阴,PID,29.65,84.0,20.5,78.0,26.6,36.6,0.0,0.0,0.0,0.0,3.0,1007.2,1004.9,100.0,0.5,3.0,100.0,0.085,0.6799999999999999,12.8,171.0,5.85,12.100000000000001,169.0,29.0,26.95,24.2,19.8,0.4115,0.4195,0.428,0.353,98.5,65.15,98.5,305.3,170.04999999999998,57.05,41.7,44.05,13.7,57.75
2024-07-15 11:00:00,45488.0,0.458333333333333,23.7,77.8,2406,阴,PID,29.0,87.0,2.0,41.0,26.6,36.1,0.0,0.0,0.0,0.0,3.0,1007.2,1004.9,100.0,0.0,2.0,100.0,0.04,0.53,10.8,166.0,5.2,13.4,164.0,28.7,27.0,24.2,19.8,0.411,0.419,0.428,0.353,43.0,13.2,43.0,169.5,34.2,7.3,2.2,8.3,0.4,8.7
2024-07-15 11:30:00,45488.0,0.479166666666667,24,78.0,2371,阴,PID,28.65,88.0,1.0,20.5,26.5,35.6,0.0,0.0,0.0,0.0,3.0,1007.3,1005.0,100.0,0.0,2.5,100.0,0.03,0.47,10.8,158.5,5.95,14.75,154.0,28.4,27.0,24.2,19.8,0.41,0.4185,0.428,0.3535,21.5,6.6000000000000005,21.5,88.45,17.1,3.6499999999999995,1.1,4.15,0.2,4.35
2024-07-15 12:00:00,45488.0,0.5,24.8,78.2,2512,阴,PID,28.3,89.0,0.0,0.0,26.4,35.1,0.0,0.0,0.0,0.0,3.0,1007.4,1005.1,100.0,0.0,3.0,100.0,0.02,0.41,10.8,151.0,6.7,16.1,144.0,28.1,27.0,24.2,19.8,0.409,0.418,0.428,0.354,0.0,0.0,0.0,7.4,0.0,0.0,0.0,0.0,0.0,0.0
2024-07-15 12:30:00,45488.0,0.520833333333333,25,78.2,2472,阴,PID,28.4,89.5,0.0,0.0,26.549999999999997,35.150000000000006,0.0,0.0,0.0,0.0,3.0,1007.8,1005.5,100.0,0.0,1.5,100.0,0.01,0.395,12.25,149.0,7.449999999999999,17.05,143.0,28.0,26.9,24.2,19.8,0.405,0.4135,0.4275,0.354,0.0,0.0,0.0,3.7000000000000006,0.0,0.0,0.0,0.0,0.0,0.0
2024-07-15 13:00:00,45488.0,0.541666666666667,26,78.3,2260,阴,PID,28.5,90.0,0.0,0.0,26.7,35.2,0.0,0.0,0.0,0.0,3.0,1008.2,1005.9,100.0,0.0,0.0,100.0,0.0,0.38,13.7,147.0,8.2,18.0,142.0,27.9,26.8,24.2,19.8,0.401,0.409,0.427,0.354,0.0,0.0,0.0,0.0,0.0,0.0,0.0,0.0,0.0,0.0
2024-07-15 13:30:00,45488.0,0.5625,26.1,78.0,2226,阴,PID,28.2,90.5,0.0,0.0,26.549999999999997,34.95,0.0,0.0,0.0,0.0,3.0,1008.25,1005.95,100.0,0.0,3.5,100.0,0.0,0.355,13.7,148.0,7.199999999999999,17.15,143.0,27.65,26.8,24.2,19.8,0.4005,0.409,0.427,0.354,0.0,0.0,0.0,0.0,0.0,0.0,0.0,0.0,0.0,0.0
2024-07-15 14:00:00,45488.0,0.583333333333333,25.6,77.5,2324,阴,PID,27.9,91.0,0.0,0.0,26.4,34.7,0.0,0.0,0.0,0.0,3.0,1008.3,1006.0,100.0,0.0,7.0,100.0,0.0,0.33,13.7,149.0,6.2,16.3,144.0,27.4,26.8,24.2,19.8,0.4,0.409,0.427,0.354,0.0,0.0,0.0,0.0,0.0,0.0,0.0,0.0,0.0,0.0
2024-07-15 14:30:00,45488.0,0.604166666666667,25.6,77.1,2337,阴,PID,27.7,91.5,0.0,0.0,26.2,34.25,0.0,0.0,0.0,0.0,3.0,1008.4,1006.1,100.0,0.0,51.5,97.5,0.0,0.315,12.8,148.0,6.800000000000001,17.15,142.5,27.2,26.8,24.2,19.8,0.4,0.4085,0.427,0.354,0.0,0.0,0.0,0.0,0.0,0.0,0.0,0.0,0.0,0.0
2024-07-15 15:00:00,45488.0,0.625,24.8,76.4,2386,阴,PID,27.5,92.0,0.0,0.0,26.0,33.8,0.0,0.0,0.0,0.0,3.0,1008.5,1006.2,100.0,0.0,96.0,95.0,0.0,0.3,11.9,147.0,7.4,18.0,141.0,27.0,26.8,24.2,19.8,0.4,0.408,0.427,0.354,0.0,0.0,0.0,0.0,0.0,0.0,0.0,0.0,0.0,0.0
2024-07-15 15:30:00,45488.0,0.645833333333333,24.7,75.8,2222,阴,PID,27.5,91.0,0.0,0.0,25.85,33.5,0.0,0.0,0.0,0.0,3.0,1008.15,1005.85,90.0,0.0,48.0,87.5,0.005,0.33,14.399999999999999,146.5,8.7,20.15,141.5,26.85,26.8,24.25,19.8,0.3995,0.4075,0.427,0.354,0.0,0.0,0.0,0.0,0.0,0.0,0.0,0.0,0.0,0.0
2024-07-15 16:00:00,45488.0,0.666666666666667,24.6,75.2,2303,阴,PID,27.5,90.0,0.0,0.0,25.7,33.2,0.0,0.0,0.0,0.0,3.0,1007.8,1005.5,80.0,0.0,0.0,80.0,0.01,0.36,16.9,146.0,10.0,22.3,142.0,26.7,26.8,24.3,19.8,0.399,0.407,0.427,0.354,0.0,0.0,0.0,0.0,0.0,0.0,0.0,0.0,0.0,0.0
2024-07-15 16:30:00,45488.0,0.6875,24.5,74.5,2334,阴,PID,27.4,91.0,0.0,0.0,25.75,33.05,0.0,0.0,0.0,0.0,1.5,1007.5,1005.2,46.5,0.0,1.0,46.0,0.01,0.33499999999999996,17.799999999999997,151.0,10.55,23.15,148.5,26.6,26.75,24.3,19.8,0.3985,0.407,0.4265,0.354,0.0,0.0,0.0,0.0,0.0,0.0,0.0,0.0,0.0,0.0
2024-07-15 17:00:00,45488.0,0.708333333333333,24.3,73.8,2551,阴,PID,27.3,92.0,0.0,0.0,25.8,32.9,0.0,0.0,0.0,0.0,0.0,1007.2,1004.9,13.0,0.0,2.0,12.0,0.01,0.31,18.7,156.0,11.1,24.0,155.0,26.5,26.7,24.3,19.8,0.398,0.407,0.426,0.354,0.0,0.0,0.0,0.0,0.0,0.0,0.0,0.0,0.0,0.0
2024-07-15 17:30:00,45488.0,0.729166666666667,24.1,73.1,2414,阴,PID,27.25,92.0,0.0,0.0,25.8,32.8,0.0,0.0,0.0,0.0,1.0,1006.9000000000001,1004.5999999999999,41.0,0.0,1.5,40.0,0.01,0.3,19.799999999999997,159.0,11.55,24.85,157.0,26.45,26.65,24.3,19.8,0.398,0.4065,0.426,0.3545,0.0,0.0,0.0,0.0,0.0,0.0,0.0,0.0,0.0,0.0
2024-07-15 18:00:00,45488.0,0.75,24.8,72.6,2415,阴,PID,27.2,92.0,0.0,0.0,25.8,32.7,0.0,0.0,0.0,0.0,2.0,1006.6,1004.3,69.0,0.0,1.0,68.0,0.01,0.29,20.9,162.0,12.0,25.7,159.0,26.4,26.6,24.3,19.8,0.398,0.406,0.426,0.355,0.0,0.0,0.0,0.0,0.0,0.0,0.0,0.0,0.0,0.0
2024-07-15 18:30:00,45488.0,0.770833333333333,24.5,71.9,2561,阴,PID,27.1,92.5,0.0,0.0,25.75,32.75,0.0,0.0,0.0,0.0,2.5,1006.5,1004.2,80.5,0.0,3.5,79.5,0.005,0.27,20.7,163.5,10.9,24.4,161.0,26.299999999999997,26.55,24.3,19.8,0.3975,0.4055,0.426,0.355,0.0,0.0,0.0,0.0,0.0,0.0,0.0,0.0,0.0,0.0
2024-07-15 19:00:00,45488.0,0.791666666666667,25.2,71.4,2313,阴,PID,27.0,93.0,0.0,0.0,25.7,32.8,0.0,0.0,0.0,0.0,3.0,1006.4,1004.1,92.0,0.0,6.0,91.0,0.0,0.25,20.5,165.0,9.8,23.1,163.0,26.2,26.5,24.3,19.8,0.397,0.405,0.426,0.355,0.0,0.0,0.0,0.0,0.0,0.0,0.0,0.0,0.0,0.0
2024-07-15 19:30:00,45488.0,0.8125,24.8,70.7,2315,阴,PID,26.9,93.0,0.0,0.0,25.65,32.8,0.0,0.0,0.0,0.0,3.0,1006.45,1004.1500000000001,94.5,0.0,16.0,94.0,0.0,0.245,18.9,165.5,8.8,21.55,165.0,26.15,26.5,24.3,19.8,0.3965,0.405,0.426,0.355,0.0,0.0,0.0,0.0,0.0,0.0,0.0,0.0,0.0,0.0
2024-07-15 20:00:00,45488.0,0.833333333333333,23.6,69.8,2261,阴,PID,26.8,93.0,0.0,0.0,25.6,32.8,0.0,0.0,0.0,0.0,3.0,1006.5,1004.2,97.0,0.0,26.0,97.0,0.0,0.24,17.3,166.0,7.8,20.0,167.0,26.1,26.5,24.3,19.8,0.396,0.405,0.426,0.355,0.0,0.0,0.0,0.0,0.0,0.0,0.0,0.0,0.0,0.0
2024-07-15 20:30:00,45488.0,0.854166666666667,23.3,69.2,2302,阴,PID,26.75,93.5,0.0,0.0,25.6,32.75,0.0,0.0,0.0,0.0,3.0,1006.6,1004.3,98.5,0.0,59.0,98.5,0.0,0.22499999999999998,15.3,167.5,7.6,19.55,166.5,26.05,26.45,24.3,19.8,0.396,0.4045,0.426,0.355,0.0,0.0,0.0,0.0,0.0,0.0,0.0,0.0,0.0,0.0
2024-07-15 21:00:00,45488.0,0.875,21.9,68.4,2315,阴,PID,26.7,94.0,0.0,0.0,25.6,32.7,0.0,0.0,0.0,0.0,3.0,1006.7,1004.4,100.0,0.0,92.0,100.0,0.0,0.21,13.3,169.0,7.4,19.1,166.0,26.0,26.4,24.3,19.8,0.396,0.404,0.426,0.355,0.0,0.0,0.0,0.0,0.0,0.0,0.0,0.0,0.0,0.0
2024-07-15 21:30:00,45488.0,0.895833333333333,21.6,67.9,2256,阴,PID,26.9,93.5,0.5,7.5,25.75,32.85,0.0,0.0,0.0,0.0,3.0,1006.75,1004.45,100.0,0.0,96.0,100.0,0.015000000000000001,0.22999999999999998,14.75,169.5,8.600000000000001,19.8,164.5,26.05,26.35,24.3,19.8,0.3955,0.404,0.4255,0.355,8.0,4.4,8.0,46.5,103.25,10.9,6.0,16.65,1.1,17.75
2024-07-15 22:00:00,45488.0,0.916666666666667,21.3,67.5,2185,阴,PID,27.1,93.0,1.0,15.0,25.9,33.0,0.0,0.0,0.0,0.0,3.0,1006.8,1004.5,100.0,0.0,100.0,100.0,0.03,0.25,16.2,170.0,9.8,20.5,163.0,26.1,26.3,24.3,19.8,0.395,0.404,0.425,0.355,16.0,8.8,16.0,93.0,206.5,21.8,12.0,33.3,2.2,35.5
2024-07-15 22:30:00,45488.0,0.9375,21,67.2,2113,阴,PID,27.4,92.5,0.5,34.5,26.1,33.3,0.0,0.0,0.0,0.0,3.0,1006.8499999999999,1004.55,100.0,0.0,100.0,100.0,0.045,0.275,17.65,173.5,10.7,20.9,168.0,26.25,26.3,24.3,19.8,0.395,0.4035,0.425,0.355,35.0,4.4,35.0,217.9,342.35,48.550000000000004,6.0,54.3,1.1,55.4
2024-07-15 23:00:00,45488.0,0.958333333333333,20.7,67.0,2286,阴,PID,27.7,92.0,0.0,54.0,26.3,33.6,0.0,0.0,0.0,0.0,3.0,1006.9,1004.6,100.0,0.0,100.0,100.0,0.06,0.3,19.1,177.0,11.6,21.3,173.0,26.4,26.3,24.3,19.8,0.395,0.403,0.425,0.355,54.0,0.0,54.0,342.8,478.2,75.3,0.0,75.3,0.0,75.3
2024-07-15 23:30:00,45488.0,0.979166666666667,20.5,66.9,2185,阴,PID,28.25,91.5,5.5,99.5,26.75,34.650000000000006,0.0,0.0,0.0,0.0,3.0,1006.95,1004.6500000000001,100.0,0.0,100.0,100.0,0.09,0.33,19.25,183.0,10.5,22.15,175.5,26.75,26.3,24.3,19.8,0.3945,0.4025,0.425,0.3555,105.0,11.95,105.0,475.6,606.45,131.85,14.45,125.19999999999999,6.65,131.85
2024-07-16 00:00:00,45489.0,0.0,20.4,67.0,2252,阴~多云,PID,28.8,91.0,11.0,145.0,27.2,35.7,0.0,0.0,0.0,0.0,3.0,1007.0,1004.7,100.0,0.0,100.0,100.0,0.12,0.36,19.4,189.0,9.4,23.0,178.0,27.1,26.3,24.3,19.8,0.394,0.402,0.425,0.356,156.0,23.9,156.0,608.4,734.7,188.4,28.9,175.1,13.3,188.4
2024-07-16 00:30:00,45489.0,0.0208333333333333,20.2,67.1,2228,阴~多云,PID,30.05,86.0,99.0,192.5,27.45,36.900000000000006,0.0,0.0,0.0,0.0,3.0,1006.75,1004.45,100.0,0.0,56.0,100.0,0.22,0.61,21.4,184.5,11.0,20.5,177.5,27.9,26.35,24.3,19.85,0.393,0.402,0.425,0.356,291.5,157.55,291.5,729.25,846.7,335.0,178.65,222.89999999999998,112.1,335.0
2024-07-16 01:00:00,45489.0,0.0416666666666667,20.1,67.3,2151,阴~多云,PID,31.3,81.0,187.0,240.0,27.7,38.1,0.0,0.0,0.0,0.0,3.0,1006.5,1004.2,100.0,0.0,12.0,100.0,0.32,0.86,23.4,180.0,12.6,18.0,177.0,28.7,26.4,24.3,19.9,0.392,0.402,0.425,0.356,427.0,291.2,427.0,850.1,958.7,481.6,328.4,270.7,210.9,481.6
2024-07-16 01:30:00,45489.0,0.0625,20,67.5,2187,阴~多云,PID,31.9,77.5,208.5,271.0,27.5,38.45,0.0,0.0,0.0,0.0,3.0,1006.65,1004.4000000000001,100.0,0.0,53.0,100.0,0.37,1.055,24.5,188.5,13.1,18.2,187.0,29.15,26.5,24.3,19.9,0.391,0.401,0.4245,0.356,479.5,290.4,479.5,950.6500000000001,1046.7,527.95,320.55,298.35,229.60000000000002,527.95
2024-07-16 02:00:00,45489.0,0.0833333333333333,19.9,67.8,2276,阴~多云,PID,32.5,74.0,230.0,302.0,27.3,38.8,0.0,0.0,0.0,0.0,3.0,1006.8,1004.6,100.0,0.0,94.0,100.0,0.42,1.25,25.6,197.0,13.6,18.4,197.0,29.6,26.6,24.3,19.9,0.39,0.4,0.424,0.356,532.0,289.6,532.0,1051.2,1134.7,574.3,312.7,326.0,248.3,574.3
2024-07-16 02:30:00,45489.0,0.104166666666667,19.9,68.3,2157,阴~多云,PID,32.7,72.5,173.5,344.0,27.1,38.9,0.0,0.0,0.0,0.0,3.0,1006.8,1004.6,100.0,0.0,93.5,100.0,0.42,1.355,25.6,201.5,13.55,18.4,201.0,29.85,26.700000000000003,24.3,19.9,0.389,0.3995,0.424,0.356,517.5,209.45000000000002,517.5,1124.7,1192.8000000000002,549.7,223.85,364.5,185.2,549.7
2024-07-16 03:00:00,45489.0,0.125,19.9,68.7,2369,阴~多云,PID,32.9,71.0,117.0,386.0,26.9,39.0,0.0,0.0,0.0,0.0,3.0,1006.8,1004.6,100.0,0.0,93.0,100.0,0.42,1.46,25.6,206.0,13.5,18.4,205.0,30.1,26.8,24.3,19.9,0.388,0.399,0.424,0.356,503.0,129.3,503.0,1198.2,1250.9,525.1,135.0,403.0,122.1,525.1
2024-07-16 03:30:00,45489.0,0.145833333333333,19.9,69.3,2270,阴~多云,PID,32.7,71.5,72.5,343.0,26.799999999999997,38.65,0.0,0.0,0.0,0.0,3.0,1006.8,1004.6,100.0,0.0,91.5,100.0,0.36,1.4249999999999998,25.4,203.5,13.7,19.049999999999997,203.0,30.1,26.9,24.3,19.9,0.3875,0.3985,0.424,0.356,415.5,79.10000000000001,415.5,1239.5500000000002,1275.0500000000002,428.9,82.20000000000002,353.65,75.25,428.9
2024-07-16 04:00:00,45489.0,0.166666666666667,20,69.9,2282,阴~多云,PID,32.5,72.0,28.0,300.0,26.7,38.3,0.0,0.0,0.0,0.0,3.0,1006.8,1004.6,100.0,0.0,90.0,100.0,0.3,1.39,25.2,201.0,13.9,19.7,201.0,30.1,27.0,24.3,19.9,0.387,0.398,0.424,0.356,328.0,28.9,328.0,1280.9,1299.2,332.7,29.4,304.3,28.4,332.7
2024-07-16 04:30:00,45489.0,0.1875,20.2,70.6,2311,阴~多云,PID,32.4,72.5,23.0,309.0,26.75,38.3,0.0,0.0,0.0,0.0,3.0,1006.8,1004.6,100.0,0.0,95.0,100.0,0.3,1.345,24.85,199.0,13.5,19.049999999999997,198.5,30.15,27.05,24.3,19.9,0.386,0.3975,0.4235,0.356,332.0,23.65,332.0,1287.35,1287.85,332.1,23.799999999999997,309.0,23.1,332.1
2024-07-16 05:00:00,45489.0,0.208333333333333,20.4,71.3,2276,阴~多云,PID,32.3,73.0,18.0,318.0,26.8,38.3,0.0,0.0,0.0,0.0,3.0,1006.8,1004.6,100.0,0.0,100.0,100.0,0.3,1.3,24.5,197.0,13.1,18.4,196.0,30.2,27.1,24.3,19.9,0.385,0.397,0.423,0.356,336.0,18.4,336.0,1293.8,1276.5,331.5,18.2,313.7,17.8,331.5
2024-07-16 05:30:00,45489.0,0.229166666666667,20.6,72.0,2220,阴~多云,PID,32.099999999999994,74.5,28.5,275.0,26.950000000000003,38.349999999999994,0.0,0.0,0.0,0.0,3.0,1006.5999999999999,1004.35,100.0,0.0,99.5,100.0,0.26999999999999996,1.2149999999999999,23.75,195.0,12.2,17.5,192.5,30.15,27.200000000000003,24.3,19.9,0.3845,0.3965,0.423,0.356,303.5,30.099999999999998,303.5,1264.8500000000001,1230.3,295.55,29.1,268.0,27.6,295.55
2024-07-16 06:00:00,45489.0,0.25,20.8,72.8,2550,阴~多云,PID,31.9,76.0,39.0,232.0,27.1,38.4,0.0,0.0,0.0,0.0,3.0,1006.4,1004.1,100.0,0.0,99.0,100.0,0.24,1.13,23.0,193.0,11.3,16.6,189.0,30.1,27.3,24.3,19.9,0.384,0.396,0.423,0.356,271.0,41.8,271.0,1235.9,1184.1,259.6,40.0,222.3,37.4,259.6
2024-07-16 06:30:00,45489.0,0.270833333333333,21.1,73.5,2470,阴~多云,PID,31.799999999999997,78.0,22.0,201.0,27.4,38.55,0.0,0.0,0.0,0.0,3.0,1006.25,1003.95,100.0,0.0,51.0,100.0,0.20500000000000002,1.04,21.6,196.5,11.05,17.15,192.0,30.0,27.35,24.3,19.9,0.3835,0.3955,0.423,0.3565,223.0,23.9,223.0,1173.5,1106.25,210.8,22.75,189.8,21.0,210.8
2024-07-16 07:00:00,45489.0,0.291666666666667,21.4,74.2,2525,阴~多云,PID,31.7,80.0,5.0,170.0,27.7,38.7,0.0,0.0,0.0,0.0,3.0,1006.1,1003.8,100.0,0.0,3.0,100.0,0.17,0.95,20.2,200.0,10.8,17.7,195.0,29.9,27.4,24.3,19.9,0.383,0.395,0.423,0.357,175.0,6.0,175.0,1111.1,1028.4,162.0,5.5,157.3,4.6,162.0
2024-07-16 07:30:00,45489.0,0.3125,21.7,74.9,2442,阴~多云,PID,32.3,77.0,61.0,228.0,27.65,39.2,0.0,0.0,0.0,0.0,3.0,1005.9000000000001,1003.65,100.0,0.0,12.5,100.0,0.255,1.13,20.9,195.5,11.4,17.1,192.0,30.15,27.5,24.35,19.9,0.3825,0.3945,0.423,0.357,289.0,86.45,289.0,1019.55,924.2,259.05,76.5,205.0,54.00000000000001,259.05
2024-07-16 08:00:00,45489.0,0.333333333333333,22.9,75.8,2286,阴~多云,PID,32.9,74.0,117.0,286.0,27.6,39.7,0.0,0.0,0.0,0.0,3.0,1005.7,1003.5,100.0,0.0,22.0,100.0,0.34,1.31,21.6,191.0,12.0,16.5,189.0,30.4,27.6,24.4,19.9,0.382,0.394,0.423,0.357,403.0,166.9,403.0,928.0,820.0,356.1,147.5,252.7,103.4,356.1
2024-07-16 08:30:00,45489.0,0.354166666666667,23.3,76.5,2374,阴~多云,PID,32.7,75.0,72.5,238.0,27.700000000000003,39.7,0.0,0.0,0.0,0.0,3.0,1005.6,1003.4,100.0,0.0,45.0,100.0,0.27,1.23,21.4,195.0,11.05,17.2,193.0,30.35,27.65,24.4,19.9,0.3815,0.394,0.4225,0.357,310.5,109.95,310.5,813.5500000000001,696.55,267.4,95.5,204.25,63.2,267.4
2024-07-16 09:00:00,45489.0,0.375,24.5,77.3,2353,阴~多云,PID,32.5,76.0,28.0,190.0,27.8,39.7,0.0,0.0,0.0,0.0,3.0,1005.5,1003.3,100.0,0.0,68.0,100.0,0.2,1.15,21.2,199.0,10.1,17.9,197.0,30.3,27.7,24.4,19.9,0.381,0.394,0.422,0.357,218.0,53.0,218.0,699.1,573.1,178.7,43.5,155.8,23.0,178.7
2024-07-16 09:30:00,45489.0,0.395833333333333,24.8,77.7,2313,阴~多云,PID,31.85,78.5,15.0,129.0,27.65,39.150000000000006,0.0,0.0,0.0,0.0,3.0,1005.35,1003.0999999999999,100.0,0.0,76.5,100.0,0.14,1.015,19.4,198.5,8.75,17.5,195.5,30.1,27.75,24.4,19.9,0.3805,0.3935,0.422,0.357,144.0,29.5,144.0,569.45,438.8,113.6,23.85,101.45,12.2,113.6
2024-07-16 10:00:00,45489.0,0.416666666666667,24.3,77.8,2288,阴~多云,PID,31.2,81.0,2.0,68.0,27.5,38.6,0.0,0.0,0.0,0.0,3.0,1005.2,1002.9,100.0,0.0,85.0,100.0,0.08,0.88,17.6,198.0,7.4,17.1,194.0,29.9,27.8,24.4,19.9,0.38,0.393,0.422,0.357,70.0,6.0,70.0,439.8,304.5,48.5,4.2,47.1,1.4,48.5
2024-07-16 10:30:00,45489.0,0.4375,24.6,78.1,2180,阴~多云,PID,30.9,82.5,1.0,44.5,27.5,38.150000000000006,0.0,0.0,0.0,0.0,3.0,1005.3,1003.0,100.0,0.0,57.5,100.0,0.065,0.8,16.700000000000003,195.0,8.4,19.200000000000003,190.5,29.65,27.85,24.4,19.9,0.38,0.3925,0.422,0.357,45.5,3.0,45.5,303.85,168.45,25.95,2.1,25.6,0.7,26.3
2024-07-16 11:00:00,45489.0,0.458333333333333,23.9,78.0,2351,阴~多云,PID,30.6,84.0,0.0,21.0,27.5,37.7,0.0,0.0,0.0,0.0,3.0,1005.4,1003.1,100.0,0.0,30.0,100.0,0.05,0.72,15.8,192.0,9.4,21.3,187.0,29.4,27.9,24.4,19.9,0.38,0.392,0.422,0.357,21.0,0.0,21.0,167.9,32.4,3.4,0.0,4.1,0.0,4.1
2024-07-16 11:30:00,45489.0,0.479166666666667,24.2,78.2,2534,阴~多云,PID,30.25,84.5,0.0,10.5,27.3,37.25,0.0,0.0,0.0,0.0,3.0,1005.7,1003.4000000000001,100.0,0.0,20.0,100.0,0.04,0.6799999999999999,16.700000000000003,190.5,9.2,21.05,186.0,29.2,27.9,24.4,19.9,0.38,0.392,0.422,0.357,10.5,0.0,10.5,87.2,16.2,1.6999999999999997,0.0,2.05,0.0,2.05
2024-07-16 12:00:00,45489.0,0.5,25.1,78.4,2410,阴~多云,PID,29.9,85.0,0.0,0.0,27.1,36.8,0.0,0.0,0.0,0.0,3.0,1006.0,1003.7,100.0,0.0,10.0,100.0,0.03,0.64,17.6,189.0,9.0,20.8,185.0,29.0,27.9,24.4,19.9,0.38,0.392,0.422,0.357,0.0,0.0,0.0,6.5,0.0,0.0,0.0,0.0,0.0,0.0
2024-07-16 12:30:00,45489.0,0.520833333333333,25.2,78.3,2404,阴~多云,PID,29.75,86.0,0.0,0.0,27.1,36.8,0.0,0.0,0.0,0.0,3.0,1006.3,1004.0,100.0,0.0,9.5,100.0,0.02,0.595,14.55,186.5,8.0,18.5,176.5,29.1,27.75,24.4,19.9,0.376,0.3905,0.422,0.357,0.0,0.0,0.0,3.25,0.0,0.0,0.0,0.0,0.0,0.0
2024-07-16 13:00:00,45489.0,0.541666666666667,26,78.3,2264,阴~多云,PID,29.6,87.0,0.0,0.0,27.1,36.8,0.0,0.0,0.0,0.0,3.0,1006.6,1004.3,100.0,0.0,9.0,100.0,0.01,0.55,11.5,184.0,7.0,16.2,168.0,29.2,27.6,24.4,19.9,0.372,0.389,0.422,0.357,0.0,0.0,0.0,0.0,0.0,0.0,0.0,0.0,0.0,0.0
2024-07-16 13:30:00,45489.0,0.5625,26.1,78.0,2311,阴~多云,PID,29.4,86.5,0.0,0.0,26.8,36.15,0.0,0.0,0.0,0.0,3.0,1006.55,1004.25,100.0,0.0,41.0,100.0,0.015,0.565,14.05,182.0,8.4,18.9,170.0,28.9,27.6,24.4,19.9,0.372,0.389,0.422,0.357,0.0,0.0,0.0,0.0,0.0,0.0,0.0,0.0,0.0,0.0
2024-07-16 14:00:00,45489.0,0.583333333333333,25.5,77.4,2275,阴~多云,PID,29.2,86.0,0.0,0.0,26.5,35.5,0.0,0.0,0.0,0.0,3.0,1006.5,1004.2,100.0,0.0,73.0,100.0,0.02,0.58,16.6,180.0,9.8,21.6,172.0,28.6,27.6,24.4,19.9,0.372,0.389,0.422,0.357,0.0,0.0,0.0,0.0,0.0,0.0,0.0,0.0,0.0,0.0
2024-07-16 14:30:00,45489.0,0.604166666666667,25.5,76.9,2250,阴~多云,PID,29.1,83.0,0.0,0.0,25.8,34.95,0.0,0.0,0.0,0.0,3.0,1006.45,1004.1500000000001,100.0,0.0,86.5,100.0,0.02,0.7,17.3,181.5,9.4,21.05,175.0,28.450000000000003,27.6,24.4,19.9,0.372,0.3885,0.4215,0.357,0.0,0.0,0.0,0.0,0.0,0.0,0.0,0.0,0.0,0.0
2024-07-16 15:00:00,45489.0,0.625,24.8,76.2,2274,阴~多云,PID,29.0,80.0,0.0,0.0,25.1,34.4,0.0,0.0,0.0,0.0,3.0,1006.4,1004.1,100.0,0.0,100.0,100.0,0.02,0.82,18.0,183.0,9.0,20.5,178.0,28.3,27.6,24.4,19.9,0.372,0.388,0.421,0.357,0.0,0.0,0.0,0.0,0.0,0.0,0.0,0.0,0.0,0.0
2024-07-16 15:30:00,45489.0,0.645833333333333,24.7,75.6,2248,阴~多云,PID,28.75,81.5,0.0,0.0,25.200000000000003,34.349999999999994,0.0,0.0,0.0,0.0,3.0,1006.45,1004.1500000000001,100.0,0.0,97.0,100.0,0.015,0.75,16.55,184.0,8.3,19.65,181.5,28.15,27.6,24.4,19.9,0.372,0.388,0.421,0.3575,0.0,0.0,0.0,0.0,0.0,0.0,0.0,0.0,0.0,0.0
2024-07-16 16:00:00,45489.0,0.666666666666667,24.6,75.0,2341,阴~多云,PID,28.5,83.0,0.0,0.0,25.3,34.3,0.0,0.0,0.0,0.0,3.0,1006.5,1004.2,100.0,0.0,94.0,100.0,0.01,0.68,15.1,185.0,7.6,18.8,185.0,28.0,27.6,24.4,19.9,0.372,0.388,0.421,0.358,0.0,0.0,0.0,0.0,0.0,0.0,0.0,0.0,0.0,0.0
2024-07-16 16:30:00,45489.0,0.6875,24.5,74.3,2284,阴~多云,PID,28.45,83.5,0.0,0.0,25.4,34.25,0.0,0.0,0.0,0.0,3.0,1006.1,1003.8,100.0,0.0,91.0,100.0,0.01,0.64,14.55,189.0,8.0,19.200000000000003,186.0,27.85,27.55,24.4,19.9,0.372,0.3875,0.421,0.358,0.0,0.0,0.0,0.0,0.0,0.0,0.0,0.0,0.0,0.0
2024-07-16 17:00:00,45489.0,0.708333333333333,24.3,73.6,2400,阴~多云,PID,28.4,84.0,0.0,0.0,25.5,34.2,0.0,0.0,0.0,0.0,3.0,1005.7,1003.4,100.0,0.0,88.0,100.0,0.01,0.6,14.0,193.0,8.4,19.6,187.0,27.7,27.5,24.4,19.9,0.372,0.387,0.421,0.358,0.0,0.0,0.0,0.0,0.0,0.0,0.0,0.0,0.0,0.0
2024-07-16 17:30:00,45489.0,0.729166666666667,24,72.8,2493,阴~多云,PID,28.299999999999997,84.5,0.0,0.0,25.5,34.05,0.0,0.0,0.0,0.0,3.0,1005.35,1003.05,100.0,0.0,62.0,100.0,0.01,0.5800000000000001,15.1,189.5,8.7,19.950000000000003,181.0,27.65,27.5,24.4,19.9,0.372,0.387,0.421,0.358,0.0,0.0,0.0,0.0,0.0,0.0,0.0,0.0,0.0,0.0
2024-07-16 18:00:00,45489.0,0.75,24.4,72.3,2563,阴~多云,PID,28.2,85.0,0.0,0.0,25.5,33.9,0.0,0.0,0.0,0.0,3.0,1005.0,1002.7,100.0,0.0,36.0,100.0,0.01,0.56,16.2,186.0,9.0,20.3,175.0,27.6,27.5,24.4,19.9,0.372,0.387,0.421,0.358,0.0,0.0,0.0,0.0,0.0,0.0,0.0,0.0,0.0,0.0
2024-07-16 18:30:00,45489.0,0.770833333333333,24.1,71.5,2477,阴~多云,PID,28.0,86.0,0.0,0.0,25.4,33.599999999999994,0.0,0.0,0.0,0.0,3.0,1004.85,1002.55,100.0,0.0,32.5,100.0,0.01,0.53,16.2,180.5,9.35,20.8,170.0,27.450000000000003,27.45,24.45,19.9,0.372,0.3865,0.421,0.358,0.0,0.0,0.0,0.0,0.0,0.0,0.0,0.0,0.0,0.0
2024-07-16 19:00:00,45489.0,0.791666666666667,24.6,71.1,2284,阴~多云,PID,27.8,87.0,0.0,0.0,25.3,33.3,0.0,0.0,0.0,0.0,3.0,1004.7,1002.4,100.0,0.0,29.0,100.0,0.01,0.5,16.2,175.0,9.7,21.3,165.0,27.3,27.4,24.5,19.9,0.372,0.386,0.421,0.358,0.0,0.0,0.0,0.0,0.0,0.0,0.0,0.0,0.0,0.0
2024-07-16 19:30:00,45489.0,0.8125,24.3,70.4,2322,阴~多云,PID,27.8,86.5,0.0,0.0,25.3,33.15,0.0,0.0,0.0,0.0,3.0,1004.6,1002.3,100.0,0.0,26.5,100.0,0.015,0.51,18.35,176.0,10.85,22.700000000000003,168.0,27.25,27.35,24.5,19.9,0.372,0.386,0.4205,0.358,0.0,0.0,0.0,0.0,0.0,0.0,0.0,0.0,0.0,0.0
2024-07-16 20:00:00,45489.0,0.833333333333333,23.3,69.6,2230,阴~多云,PID,27.8,86.0,0.0,0.0,25.3,33.0,0.0,0.0,0.0,0.0,3.0,1004.5,1002.2,100.0,0.0,24.0,100.0,0.02,0.52,20.5,177.0,12.0,24.1,171.0,27.2,27.3,24.5,19.9,0.372,0.386,0.42,0.358,0.0,0.0,0.0,0.0,0.0,0.0,0.0,0.0,0.0,0.0
2024-07-16 20:30:00,45489.0,0.854166666666667,22.9,69.0,2356,阴~多云,PID,27.8,85.5,0.0,0.0,25.200000000000003,33.05,0.0,0.0,0.0,0.0,3.0,1004.7,1002.4000000000001,100.0,0.0,62.0,100.0,0.02,0.535,20.5,179.0,11.25,23.4,171.5,27.15,27.25,24.5,19.9,0.372,0.3855,0.42,0.358,0.0,0.0,0.0,0.0,0.0,0.0,0.0,0.0,0.0,0.0
2024-07-16 21:00:00,45489.0,0.875,21.8,68.3,2322,阴~多云,PID,27.8,85.0,0.0,0.0,25.1,33.1,0.0,0.0,0.0,0.0,3.0,1004.9,1002.6,100.0,0.0,100.0,100.0,0.02,0.55,20.5,181.0,10.5,22.7,172.0,27.1,27.2,24.5,19.9,0.372,0.385,0.42,0.358,0.0,0.0,0.0,0.0,0.0,0.0,0.0,0.0,0.0,0.0
2024-07-16 21:30:00,45489.0,0.895833333333333,21.5,67.8,2343,阴~多云,PID,27.950000000000003,84.5,0.0,2.5,25.05,33.150000000000006,0.0,0.0,0.0,0.0,3.0,1005.15,1002.85,100.0,0.0,100.0,100.0,0.035,0.585,19.6,178.0,10.9,22.75,167.5,27.1,27.2,24.5,19.9,0.372,0.385,0.42,0.358,2.5,0.0,2.5,45.9,102.05,3.4000000000000004,0.0,5.55,0.0,5.55
2024-07-16 22:00:00,45489.0,0.916666666666667,21.2,67.5,2270,阴~多云,PID,28.1,84.0,0.0,5.0,25.0,33.2,0.0,0.0,0.0,0.0,3.0,1005.4,1003.1,100.0,0.0,100.0,100.0,0.05,0.62,18.7,175.0,11.3,22.8,163.0,27.1,27.2,24.5,19.9,0.372,0.385,0.42,0.358,5.0,0.0,5.0,91.8,204.1,6.8,0.0,11.1,0.0,11.1
2024-07-16 22:30:00,45489.0,0.9375,20.9,67.3,2179,阴~多云,PID,28.15,84.0,0.0,13.0,25.05,33.05,0.05,0.05,0.0,0.0,27.0,1005.55,1003.25,100.0,0.0,100.0,100.0,0.055,0.625,21.4,176.5,12.9,24.9,168.5,27.1,27.15,24.5,19.9,0.372,0.385,0.42,0.358,13.0,0.0,13.0,216.2,340.15,18.099999999999998,0.0,20.25,0.0,20.25
2024-07-16 23:00:00,45489.0,0.958333333333333,20.7,67.1,2220,阴~多云,PID,28.2,84.0,0.0,21.0,25.1,32.9,0.1,0.1,0.0,0.0,51.0,1005.7,1003.4,100.0,0.0,100.0,100.0,0.06,0.63,24.1,178.0,14.5,27.0,174.0,27.1,27.1,24.5,19.9,0.372,0.385,0.42,0.358,21.0,0.0,21.0,340.6,476.2,29.4,0.0,29.4,0.0,29.4
2024-07-16 23:30:00,45489.0,0.979166666666667,20.4,67.0,2264,阴~多云,PID,28.299999999999997,84.0,0.0,42.5,25.25,33.05,0.1,0.1,0.0,0.0,51.0,1005.85,1003.55,100.0,0.0,100.0,100.0,0.075,0.62,24.85,183.5,14.65,26.8,179.0,27.15,27.1,24.5,19.9,0.3725,0.3845,0.42,0.358,42.5,0.0,42.5,473.6,604.65,53.349999999999994,0.0,53.349999999999994,0.0,53.349999999999994
2024-07-17 00:00:00,45490.0,0.0,20.2,66.3,2220,阴~中雨,PID,28.4,84.0,0.0,64.0,25.4,33.2,0.1,0.1,0.0,0.0,51.0,1006.0,1003.7,100.0,0.0,100.0,100.0,0.09,0.61,25.6,189.0,14.8,26.6,184.0,27.2,27.1,24.5,19.9,0.373,0.384,0.42,0.358,64.0,0.0,64.0,606.6,733.1,77.3,0.0,77.3,0.0,77.3
2024-07-17 00:30:00,45490.0,0.0208333333333333,20,66.3,2240,阴~中雨,PID,29.0,82.5,0.5,88.5,25.75,34.0,0.05,0.05,0.0,0.0,27.0,1005.95,1003.6500000000001,100.0,0.0,100.0,100.0,0.11,0.6950000000000001,25.950000000000003,190.5,15.2,26.75,186.0,27.45,27.0,24.5,19.95,0.374,0.384,0.4195,0.3585,89.0,0.8,89.0,727.6,845.25,102.94999999999999,0.9,102.4,0.55,102.94999999999999
2024-07-17 01:00:00,45490.0,0.0416666666666667,19.8,66.4,2261,阴~中雨,PID,29.6,81.0,1.0,113.0,26.1,34.8,0.0,0.0,0.0,0.0,3.0,1005.9,1003.6,100.0,0.0,100.0,100.0,0.13,0.78,26.3,192.0,15.6,26.9,188.0,27.7,26.9,24.5,20.0,0.375,0.384,0.419,0.359,114.0,1.6,114.0,848.6,957.4,128.6,1.8,127.5,1.1,128.6
2024-07-17 01:30:00,45490.0,0.0625,19.6,66.5,2319,阴~中雨,PID,29.700000000000003,79.5,1.0,119.0,25.75,34.55,0.0,0.0,0.0,0.0,3.0,1005.95,1003.6500000000001,100.0,0.0,100.0,100.0,0.14,0.86,27.35,199.5,16.2,27.6,195.5,27.799999999999997,26.9,24.5,20.0,0.3745,0.384,0.419,0.359,120.0,1.4500000000000002,120.0,949.3499999999999,1045.55,132.3,1.6,131.25,1.1,132.3
2024-07-17 02:00:00,45490.0,0.0833333333333333,19.5,66.8,2228,阴~中雨,PID,29.8,78.0,1.0,125.0,25.4,34.3,0.0,0.0,0.0,0.0,3.0,1006.0,1003.7,100.0,0.0,100.0,100.0,0.15,0.94,28.4,207.0,16.8,28.3,203.0,27.9,26.9,24.5,20.0,0.374,0.384,0.419,0.359,126.0,1.3,126.0,1050.1,1133.7,136.0,1.4,135.0,1.1,136.0
2024-07-17 02:30:00,45490.0,0.104166666666667,19.5,67.2,2182,阴~中雨,PID,29.85,77.5,0.5,125.0,25.35,34.5,0.0,0.0,0.0,0.0,3.0,1006.0,1003.7,100.0,0.0,100.0,100.0,0.15,0.96,28.4,212.0,15.8,27.15,208.5,27.95,26.95,24.5,20.0,0.3735,0.3835,0.419,0.359,125.5,0.65,125.5,1123.6999999999998,1191.8999999999999,133.25,0.7,132.75,0.55,133.25
2024-07-17 03:00:00,45490.0,0.125,19.5,67.6,2297,阴~中雨,PID,29.9,77.0,0.0,125.0,25.3,34.7,0.0,0.0,0.0,0.0,3.0,1006.0,1003.7,100.0,0.0,100.0,100.0,0.15,0.98,28.4,217.0,14.8,26.0,214.0,28.0,27.0,24.5,20.0,0.373,0.383,0.419,0.359,125.0,0.0,125.0,1197.3,1250.1,130.5,0.0,130.5,0.0,130.5
2024-07-17 03:30:00,45490.0,0.145833333333333,19.5,68.1,2259,阴~中雨,PID,30.299999999999997,76.5,3.0,157.0,25.6,35.3,0.0,0.0,0.0,0.0,3.0,1005.8,1003.5,100.0,0.0,95.5,100.0,0.175,1.02,26.799999999999997,213.0,14.65,24.9,208.5,28.15,27.0,24.5,20.0,0.373,0.383,0.419,0.359,160.0,3.1,160.0,1238.75,1274.35,164.15,3.15,161.1,3.05,164.15
2024-07-17 04:00:00,45490.0,0.166666666666667,19.6,68.7,2312,阴~中雨,PID,30.7,76.0,6.0,189.0,25.9,35.9,0.0,0.0,0.0,0.0,3.0,1005.6,1003.3,100.0,0.0,91.0,100.0,0.2,1.06,25.2,209.0,14.5,23.8,203.0,28.3,27.0,24.5,20.0,0.373,0.383,0.419,0.359,195.0,6.2,195.0,1280.2,1298.6,197.8,6.3,191.7,6.1,197.8
2024-07-17 04:30:00,45490.0,0.1875,19.7,69.4,2261,阴~中雨,PID,31.299999999999997,72.5,85.0,279.5,25.65,35.75,0.0,0.0,0.0,0.0,3.0,1005.4000000000001,1003.15,100.0,0.0,95.5,100.0,0.32,1.2750000000000001,32.2,213.5,18.55,27.9,210.0,28.75,27.05,24.5,20.0,0.372,0.3825,0.4185,0.359,364.5,87.05000000000001,364.5,1286.7,1287.25,362.35,85.99999999999999,278.4,83.95,362.35
2024-07-17 05:00:00,45490.0,0.208333333333333,19.8,70.0,2288,阴~中雨,PID,31.9,69.0,164.0,370.0,25.4,35.6,0.0,0.0,0.0,0.0,3.0,1005.2,1003.0,100.0,0.0,100.0,100.0,0.44,1.49,39.2,218.0,22.6,32.0,217.0,29.2,27.1,24.5,20.0,0.371,0.382,0.418,0.359,534.0,167.9,534.0,1293.2,1275.9,526.9,165.7,365.1,161.8,526.9
2024-07-17 05:30:00,45490.0,0.229166666666667,20,70.8,2394,阴~中雨,PID,31.5,72.0,86.0,306.0,25.75,35.7,0.0,0.0,0.0,0.0,3.0,1005.1500000000001,1002.9,100.0,0.0,89.0,100.0,0.345,1.3199999999999998,39.05,219.0,20.8,31.2,217.0,29.25,27.15,24.5,20.0,0.37,0.3815,0.418,0.359,392.0,88.25,392.0,1264.25,1229.7,383.2,86.94999999999999,298.5,84.75,383.2
2024-07-17 06:00:00,45490.0,0.25,20.3,71.5,2545,阴~中雨,PID,31.1,75.0,8.0,242.0,26.1,35.8,0.0,0.0,0.0,0.0,3.0,1005.1,1002.8,100.0,0.0,78.0,100.0,0.25,1.15,38.9,220.0,19.0,30.4,217.0,29.3,27.2,24.5,20.0,0.369,0.381,0.418,0.359,250.0,8.6,250.0,1235.3,1183.5,239.5,8.2,231.9,7.7,239.5
2024-07-17 06:30:00,45490.0,0.270833333333333,20.5,72.2,2327,阴~中雨,PID,31.35,74.5,30.0,281.0,26.25,36.2,0.0,0.0,0.0,0.0,3.0,1004.85,1002.5999999999999,100.0,0.0,68.0,100.0,0.28500000000000003,1.18,36.0,218.5,18.8,28.95,216.5,29.450000000000003,27.25,24.5,20.0,0.3685,0.3805,0.418,0.359,311.0,35.3,311.0,1172.8999999999999,1105.6,291.9,32.8,264.0,27.9,291.9
2024-07-17 07:00:00,45490.0,0.291666666666667,20.8,73.0,2480,阴~中雨,PID,31.6,74.0,52.0,320.0,26.4,36.6,0.0,0.0,0.0,0.0,3.0,1004.6,1002.4,100.0,0.0,58.0,100.0,0.32,1.21,33.1,217.0,18.6,27.5,216.0,29.6,27.3,24.5,20.0,0.368,0.38,0.418,0.359,372.0,62.0,372.0,1110.5,1027.7,344.3,57.4,296.1,48.1,344.3
2024-07-17 07:30:00,45490.0,0.3125,21.1,73.7,2419,阴~中雨,PID,31.5,74.0,53.0,287.0,26.35,36.5,0.0,0.0,0.0,0.0,3.0,1004.35,1002.15,100.0,0.0,79.0,100.0,0.30000000000000004,1.2,32.55,215.5,18.3,27.5,214.5,29.65,27.35,24.5,20.0,0.3675,0.3795,0.418,0.359,340.0,69.55,340.0,1018.85,923.4000000000001,308.20000000000005,62.75,260.25,47.900000000000006,308.20000000000005
2024-07-17 08:00:00,45490.0,0.333333333333333,22.3,74.6,2268,阴~中雨,PID,31.4,74.0,54.0,254.0,26.3,36.4,0.0,0.0,0.0,0.0,3.0,1004.1,1001.9,100.0,0.0,100.0,100.0,0.28,1.19,32.0,214.0,18.0,27.5,213.0,29.7,27.4,24.5,20.0,0.367,0.379,0.418,0.359,308.0,77.1,308.0,927.2,819.1,272.1,68.1,224.4,47.7,272.1
2024-07-17 08:30:00,45490.0,0.354166666666667,22.6,75.3,2362,阴~中雨,PID,30.799999999999997,75.0,27.0,176.0,25.950000000000003,35.7,0.0,0.0,0.0,0.0,3.0,1003.9000000000001,1001.65,100.0,0.0,50.5,100.0,0.21000000000000002,1.1,31.3,211.0,17.25,27.75,208.0,29.5,27.45,24.5,20.0,0.3665,0.379,0.4175,0.359,203.0,38.55,203.0,812.6,695.5,176.20000000000002,34.05,152.35,23.85,176.20000000000002
2024-07-17 09:00:00,45490.0,0.375,23.8,76.1,2279,阴~中雨,PID,30.2,76.0,0.0,98.0,25.6,35.0,0.0,0.0,0.0,0.0,3.0,1003.7,1001.4,100.0,0.0,1.0,100.0,0.14,1.01,30.6,208.0,16.5,28.0,203.0,29.3,27.5,24.5,20.0,0.366,0.379,0.417,0.359,98.0,0.0,98.0,698.0,571.9,80.3,0.0,80.3,0.0,80.3
2024-07-17 09:30:00,45490.0,0.395833333333333,24.1,76.6,2252,阴~中雨,PID,30.0,76.5,0.0,96.0,25.450000000000003,34.65,0.0,0.0,0.0,0.0,3.0,1003.6500000000001,1001.3499999999999,100.0,0.0,48.0,100.0,0.135,0.985,29.5,206.5,16.5,28.65,201.5,29.1,27.5,24.55,20.0,0.366,0.3785,0.417,0.359,96.0,0.0,96.0,568.25,437.45,72.6,0.0,72.6,0.0,72.6
2024-07-17 10:00:00,45490.0,0.416666666666667,23.6,76.8,2294,阴~中雨,PID,29.8,77.0,0.0,94.0,25.3,34.3,0.0,0.0,0.0,0.0,3.0,1003.6,1001.3,100.0,0.0,95.0,100.0,0.13,0.96,28.4,205.0,16.5,29.3,200.0,28.9,27.5,24.6,20.0,0.366,0.378,0.417,0.359,94.0,0.0,94.0,438.5,303.0,64.9,0.0,64.9,0.0,64.9
2024-07-17 10:30:00,45490.0,0.4375,23.9,77.1,2295,阴~中雨,PID,29.700000000000003,76.5,0.0,54.5,25.15,34.2,0.0,0.0,0.0,0.0,3.0,1003.7,1001.4,100.0,0.0,51.0,100.0,0.11,0.97,28.25,204.0,16.2,29.35,199.0,28.7,27.5,24.6,20.0,0.366,0.378,0.417,0.3595,54.5,0.0,54.5,302.35,166.8,33.599999999999994,0.0,33.85,0.0,33.85
2024-07-17 11:00:00,45490.0,0.458333333333333,23.4,77.2,2477,阴~中雨,PID,29.6,76.0,0.0,15.0,25.0,34.1,0.0,0.0,0.0,0.0,3.0,1003.8,1001.5,100.0,0.0,7.0,100.0,0.09,0.98,28.1,203.0,15.9,29.4,198.0,28.5,27.5,24.6,20.0,0.366,0.378,0.417,0.36,15.0,0.0,15.0,166.2,30.6,2.3,0.0,2.8,0.0,2.8
2024-07-17 11:30:00,45490.0,0.479166666666667,23.6,77.3,2447,阴~中雨,PID,29.450000000000003,77.0,0.0,7.5,25.05,34.1,0.0,0.0,0.0,0.0,3.0,1003.8499999999999,1001.55,100.0,0.0,3.5,100.0,0.08,0.94,27.55,201.0,15.0,28.4,195.5,28.35,27.5,24.6,20.0,0.3655,0.378,0.417,0.36,7.5,0.0,7.5,85.89999999999999,15.300000000000002,1.15,0.0,1.4,0.0,1.4
2024-07-17 12:00:00,45490.0,0.5,24.5,77.6,2538,阴~中雨,PID,29.3,78.0,0.0,0.0,25.1,34.1,0.0,0.0,0.0,0.0,3.0,1003.9,1001.6,100.0,0.0,0.0,100.0,0.07,0.9,27.0,199.0,14.1,27.4,193.0,28.2,27.5,24.6,20.0,0.365,0.378,0.417,0.36,0.0,0.0,0.0,5.6,0.0,0.0,0.0,0.0,0.0,0.0
2024-07-17 12:30:00,45490.0,0.520833333333333,24.7,77.5,2348,阴~中雨,PID,29.200000000000003,80.0,0.0,0.0,25.450000000000003,34.45,0.0,0.0,0.0,0.0,3.0,1004.3,1002.0,100.0,0.0,41.0,100.0,0.05,0.8049999999999999,24.65,207.0,12.7,25.85,202.0,28.35,27.4,24.6,20.0,0.3675,0.378,0.417,0.36,0.0,0.0,0.0,2.8,0.0,0.0,0.0,0.0,0.0,0.0
2024-07-17 13:00:00,45490.0,0.541666666666667,25.4,77.6,2238,阴~中雨,PID,29.1,82.0,0.0,0.0,25.8,34.8,0.0,0.0,0.0,0.0,3.0,1004.7,1002.4,100.0,0.0,82.0,100.0,0.03,0.71,22.3,215.0,11.3,24.3,211.0,28.5,27.3,24.6,20.0,0.37,0.378,0.417,0.36,0.0,0.0,0.0,0.0,0.0,0.0,0.0,0.0,0.0,0.0
2024-07-17 13:30:00,45490.0,0.5625,25.6,77.4,2232,阴~中雨,PID,29.0,82.5,0.0,0.0,25.75,34.55,0.0,0.0,0.0,0.0,3.0,1004.85,1002.55,100.0,0.0,44.5,100.0,0.03,0.7,21.75,216.5,11.95,24.950000000000003,211.0,28.3,27.3,24.6,20.0,0.3695,0.3775,0.417,0.36,0.0,0.0,0.0,0.0,0.0,0.0,0.0,0.0,0.0,0.0
2024-07-17 14:00:00,45490.0,0.583333333333333,25,76.8,2231,阴~中雨,PID,28.9,83.0,0.0,0.0,25.7,34.3,0.0,0.0,0.0,0.0,3.0,1005.0,1002.7,100.0,0.0,7.0,100.0,0.03,0.69,21.2,218.0,12.6,25.6,211.0,28.1,27.3,24.6,20.0,0.369,0.377,0.417,0.36,0.0,0.0,0.0,0.0,0.0,0.0,0.0,0.0,0.0,0.0
2024-07-17 14:30:00,45490.0,0.604166666666667,25,76.4,2266,阴~中雨,PID,29.0,81.0,0.0,0.0,25.4,34.0,0.0,0.0,0.0,0.0,3.0,1004.95,1002.6500000000001,100.0,0.0,8.0,100.0,0.04,0.7649999999999999,23.75,218.0,14.0,27.55,212.0,28.0,27.3,24.6,20.0,0.369,0.377,0.4165,0.36,0.0,0.0,0.0,0.0,0.0,0.0,0.0,0.0,0.0,0.0
2024-07-17 15:00:00,45490.0,0.625,24.4,75.8,2239,阴~中雨,PID,29.1,79.0,0.0,0.0,25.1,33.7,0.0,0.0,0.0,0.0,3.0,1004.9,1002.6,100.0,0.0,9.0,100.0,0.05,0.84,26.3,218.0,15.4,29.5,213.0,27.9,27.3,24.6,20.0,0.369,0.377,0.416,0.36,0.0,0.0,0.0,0.0,0.0,0.0,0.0,0.0,0.0,0.0
2024-07-17 15:30:00,45490.0,0.645833333333333,24.4,75.2,2391,阴~中雨,PID,29.1,78.0,0.0,0.0,24.9,33.400000000000006,0.0,0.0,0.0,0.0,3.0,1004.7,1002.4000000000001,100.0,0.0,10.0,100.0,0.055,0.875,27.75,216.0,16.4,30.7,211.5,27.799999999999997,27.3,24.6,20.0,0.369,0.377,0.416,0.36,0.0,0.0,0.0,0.0,0.0,0.0,0.0,0.0,0.0,0.0
2024-07-17 16:00:00,45490.0,0.666666666666667,24.3,74.6,2283,阴~中雨,PID,29.1,77.0,0.0,0.0,24.7,33.1,0.0,0.0,0.0,0.0,3.0,1004.5,1002.2,100.0,0.0,11.0,100.0,0.06,0.91,29.2,214.0,17.4,31.9,210.0,27.7,27.3,24.6,20.0,0.369,0.377,0.416,0.36,0.0,0.0,0.0,0.0,0.0,0.0,0.0,0.0,0.0,0.0
2024-07-17 16:30:00,45490.0,0.6875,24.2,73.9,2255,阴~中雨,PID,29.1,76.5,0.0,0.0,24.5,32.8,0.0,0.0,0.0,0.0,3.0,1003.95,1001.6500000000001,100.0,0.0,5.5,100.0,0.065,0.9450000000000001,31.5,213.5,18.6,33.349999999999994,209.5,27.65,27.3,24.6,20.0,0.369,0.377,0.416,0.36,0.0,0.0,0.0,0.0,0.0,0.0,0.0,0.0,0.0,0.0
2024-07-17 17:00:00,45490.0,0.708333333333333,24,73.2,2600,阴~中雨,PID,29.1,76.0,0.0,0.0,24.3,32.5,0.0,0.0,0.0,0.0,3.0,1003.4,1001.1,100.0,0.0,0.0,100.0,0.07,0.98,33.8,213.0,19.8,34.8,209.0,27.6,27.3,24.6,20.0,0.369,0.377,0.416,0.36,0.0,0.0,0.0,0.0,0.0,0.0,0.0,0.0,0.0,0.0
2024-07-17 17:30:00,45490.0,0.729166666666667,23.8,72.5,2436,阴~中雨,PID,29.05,74.5,0.0,0.0,24.0,32.25,0.0,0.0,0.0,0.0,3.0,1003.15,1000.85,100.0,0.0,0.0,100.0,0.07500000000000001,1.02,34.0,214.5,19.8,35.05,211.0,27.55,27.25,24.6,20.0,0.3685,0.3765,0.416,0.36,0.0,0.0,0.0,0.0,0.0,0.0,0.0,0.0,0.0,0.0
2024-07-17 18:00:00,45490.0,0.75,24.1,71.9,2455,阴~中雨,PID,29.0,73.0,0.0,0.0,23.7,32.0,0.0,0.0,0.0,0.0,3.0,1002.9,1000.6,100.0,0.0,0.0,100.0,0.08,1.06,34.2,216.0,19.8,35.3,213.0,27.5,27.2,24.6,20.0,0.368,0.376,0.416,0.36,0.0,0.0,0.0,0.0,0.0,0.0,0.0,0.0,0.0,0.0
2024-07-17 18:30:00,45490.0,0.770833333333333,23.8,71.2,2596,阴~中雨,PID,28.9,72.5,0.0,0.0,23.45,31.85,0.0,0.0,0.0,0.0,3.0,1002.95,1000.6500000000001,100.0,0.0,0.0,100.0,0.08,1.085,34.2,218.0,19.25,34.65,215.5,27.45,27.2,24.6,20.0,0.368,0.376,0.416,0.36,0.0,0.0,0.0,0.0,0.0,0.0,0.0,0.0,0.0,0.0
2024-07-17 19:00:00,45490.0,0.791666666666667,24.2,70.7,2245,阴~中雨,PID,28.8,72.0,0.0,0.0,23.2,31.7,0.0,0.0,0.0,0.0,3.0,1003.0,1000.7,100.0,0.0,0.0,100.0,0.08,1.11,34.2,220.0,18.7,34.0,218.0,27.4,27.2,24.6,20.0,0.368,0.376,0.416,0.36,0.0,0.0,0.0,0.0,0.0,0.0,0.0,0.0,0.0,0.0
2024-07-17 19:30:00,45490.0,0.8125,23.9,70.0,2248,阴~中雨,PID,28.700000000000003,72.0,0.0,0.0,23.1,31.65,0.0,0.0,0.0,0.0,3.0,1003.0,1000.7,99.5,0.0,0.0,99.5,0.07500000000000001,1.11,33.3,222.0,18.049999999999997,33.15,219.0,27.35,27.15,24.6,20.0,0.368,0.376,0.416,0.36,0.0,0.0,0.0,0.0,0.0,0.0,0.0,0.0,0.0,0.0
2024-07-17 20:00:00,45490.0,0.833333333333333,23,69.1,2215,阴~中雨,PID,28.6,72.0,0.0,0.0,23.0,31.6,0.0,0.0,0.0,0.0,3.0,1003.0,1000.7,99.0,0.0,0.0,99.0,0.07,1.11,32.4,224.0,17.4,32.3,220.0,27.3,27.1,24.6,20.0,0.368,0.376,0.416,0.36,0.0,0.0,0.0,0.0,0.0,0.0,0.0,0.0,0.0,0.0
2024-07-17 20:30:00,45490.0,0.854166666666667,22.7,68.5,2341,阴~中雨,PID,28.450000000000003,72.5,0.0,0.0,22.95,31.55,0.0,0.0,0.0,0.0,3.0,1003.1,1000.8,97.5,0.0,0.0,97.5,0.065,1.085,31.299999999999997,225.0,16.45,31.15,221.0,27.200000000000003,27.1,24.6,20.0,0.3675,0.376,0.4155,0.36,0.0,0.0,0.0,0.0,0.0,0.0,0.0,0.0,0.0,0.0
2024-07-17 21:00:00,45490.0,0.875,21.7,67.8,2289,阴~中雨,PID,28.3,73.0,0.0,0.0,22.9,31.5,0.0,0.0,0.0,0.0,3.0,1003.2,1000.9,96.0,0.0,0.0,96.0,0.06,1.06,30.2,226.0,15.5,30.0,222.0,27.1,27.1,24.6,20.0,0.367,0.376,0.415,0.36,0.0,0.0,0.0,0.0,0.0,0.0,0.0,0.0,0.0,0.0
2024-07-17 21:30:00,45490.0,0.895833333333333,21.3,67.3,2308,阴~中雨,PID,28.200000000000003,74.0,1.0,8.5,23.1,31.55,0.0,0.0,0.0,0.0,3.0,1003.35,1001.05,97.0,0.0,0.0,97.0,0.07,0.9950000000000001,28.4,225.0,15.3,29.4,220.0,27.05,27.05,24.6,20.0,0.367,0.3755,0.415,0.36,9.5,8.9,9.5,45.3,100.85,12.85,12.05,18.9,2.25,21.15
2024-07-17 22:00:00,45490.0,0.916666666666667,21,66.9,2306,阴~中雨,PID,28.1,75.0,2.0,17.0,23.3,31.6,0.0,0.0,0.0,0.0,3.0,1003.5,1001.2,98.0,0.0,0.0,98.0,0.08,0.93,26.6,224.0,15.1,28.8,218.0,27.0,27.0,24.6,20.0,0.367,0.375,0.415,0.36,19.0,17.8,19.0,90.6,201.7,25.7,24.1,37.8,4.5,42.3
2024-07-17 22:30:00,45490.0,0.9375,20.7,66.6,2226,阴~中雨,PID,28.450000000000003,75.0,25.0,52.0,23.65,32.0,0.0,0.0,0.0,0.0,3.0,1003.7,1001.4000000000001,91.0,0.0,0.0,91.0,0.11499999999999999,0.9550000000000001,28.05,224.0,16.4,29.4,218.5,27.1,27.0,24.6,20.0,0.3665,0.375,0.415,0.3605,77.0,102.8,77.0,214.5,337.9,107.45,143.65,79.85,35.9,115.74999999999999
2024-07-17 23:00:00,45490.0,0.958333333333333,20.4,66.4,2301,阴~中雨,PID,28.8,75.0,48.0,87.0,24.0,32.4,0.0,0.0,0.0,0.0,3.0,1003.9,1001.6,84.0,0.0,0.0,84.0,0.15,0.98,29.5,224.0,17.7,30.0,219.0,27.2,27.0,24.6,20.0,0.366,0.375,0.415,0.361,135.0,187.8,135.0,338.4,474.1,189.2,263.2,121.9,67.3,189.2
2024-07-17 23:30:00,45490.0,0.979166666666667,20.2,66.3,2173,阴~中雨,PID,29.5,75.0,114.5,113.0,24.6,33.5,0.0,0.0,0.0,0.0,3.0,1004.05,1001.75,92.0,1.0,0.5,92.0,0.20500000000000002,1.03,30.25,222.5,17.2,29.4,218.0,27.549999999999997,27.0,24.6,20.0,0.3655,0.3745,0.415,0.361,227.5,292.05,227.5,471.59999999999997,602.75,288.1,371.25,145.0,143.10000000000002,288.1
2024-07-18 00:00:00,45491.0,0.0,20.2,69.0,2281,暴雨~大雨,PID,30.2,75.0,181.0,139.0,25.2,34.6,0.0,0.0,0.0,0.0,3.0,1004.2,1001.9,100.0,2.0,1.0,100.0,0.26,1.08,31.0,221.0,16.7,28.8,217.0,27.9,27.0,24.6,20.0,0.365,0.374,0.415,0.361,320.0,396.3,320.0,604.8,731.4,387.0,479.3,168.1,218.9,387.0
2024-07-18 00:30:00,45491.0,0.0208333333333333,20.4,69.7,2273,暴雨~大雨,PID,30.5,75.0,123.0,190.5,25.5,35.5,0.0,0.0,0.0,0.0,3.0,1004.6500000000001,1002.3499999999999,99.5,2.0,1.0,99.5,0.26,1.1,27.0,227.0,13.85,22.25,224.5,28.25,26.95,24.6,20.05,0.3645,0.374,0.415,0.361,313.5,248.95,313.5,725.95,843.6999999999999,366.75,297.0,220.60000000000002,146.15,366.75
2024-07-18 01:00:00,45491.0,0.0416666666666667,20.7,70.4,2269,暴雨~大雨,PID,30.8,75.0,65.0,242.0,25.8,36.4,0.0,0.0,0.0,0.0,3.0,1005.1,1002.8,99.0,2.0,1.0,99.0,0.26,1.12,23.0,233.0,11.0,15.7,232.0,28.6,26.9,24.6,20.1,0.364,0.374,0.415,0.361,307.0,101.6,307.0,847.1,956.0,346.5,114.7,273.1,73.4,346.5
2024-07-18 01:30:00,45491.0,0.0625,21,71.2,2197,暴雨~大雨,PID,31.4,73.0,219.5,236.5,25.950000000000003,37.05,0.0,0.0,0.0,0.0,3.0,1005.1500000000001,1002.9,99.5,1.5,0.5,99.5,0.365,1.255,24.650000000000002,237.0,12.5,17.1,236.5,29.15,26.95,24.6,20.1,0.363,0.3735,0.4145,0.361,456.0,286.85,456.0,948.0,1044.35,499.9,312.3,261.3,238.65,499.9
2024-07-18 02:00:00,45491.0,0.0833333333333333,21.3,71.9,2231,暴雨~大雨,PID,32.0,71.0,374.0,231.0,26.1,37.7,0.0,0.0,0.0,0.0,3.0,1005.2,1003.0,100.0,1.0,0.0,100.0,0.47,1.39,26.3,241.0,14.0,18.5,241.0,29.7,27.0,24.6,20.1,0.362,0.373,0.414,0.361,605.0,472.1,605.0,1048.9,1132.7,653.3,509.9,249.5,403.9,653.3
2024-07-18 02:30:00,45491.0,0.104166666666667,21.6,72.5,2248,暴雨~大雨,PID,32.1,70.5,307.0,273.0,26.0,37.45,0.0,0.0,0.0,0.0,3.0,1005.1500000000001,1002.95,100.0,0.5,0.0,100.0,0.45999999999999996,1.4249999999999998,27.9,237.0,15.1,20.3,237.0,30.0,27.1,24.6,20.1,0.361,0.3725,0.414,0.361,580.0,368.85,580.0,1122.65,1191.0,616.45,393.65,289.2,327.25,616.45
2024-07-18 03:00:00,45491.0,0.125,22,73.2,2334,暴雨~大雨,PID,32.2,70.0,240.0,315.0,25.9,37.2,0.0,0.0,0.0,0.0,3.0,1005.1,1002.9,100.0,0.0,0.0,100.0,0.45,1.46,29.5,233.0,16.2,22.1,233.0,30.3,27.2,24.6,20.1,0.36,0.372,0.414,0.361,555.0,265.6,555.0,1196.4,1249.3,579.6,277.4,328.9,250.6,579.6
2024-07-18 03:30:00,45491.0,0.145833333333333,22.3,73.8,2299,暴雨~大雨,PID,32.150000000000006,71.0,147.0,345.0,26.2,37.400000000000006,0.0,0.0,0.0,0.0,3.0,1004.85,1002.65,99.5,0.0,0.0,99.5,0.405,1.3900000000000001,29.7,230.5,16.0,21.9,230.0,30.35,27.299999999999997,24.65,20.1,0.3595,0.3715,0.414,0.361,492.0,160.75,492.0,1237.95,1273.65,507.4,167.05,354.65,152.7,507.4
2024-07-18 04:00:00,45491.0,0.166666666666667,22.6,74.2,2382,暴雨~大雨,PID,32.1,72.0,54.0,375.0,26.5,37.6,0.0,0.0,0.0,0.0,3.0,1004.6,1002.4,99.0,0.0,0.0,99.0,0.36,1.32,29.9,228.0,15.8,21.7,227.0,30.4,27.4,24.7,20.1,0.359,0.371,0.414,0.361,429.0,55.9,429.0,1279.5,1298.0,435.2,56.7,380.4,54.8,435.2
2024-07-18 04:30:00,45491.0,0.1875,22.9,74.7,2265,暴雨~大雨,PID,32.7,70.5,227.0,360.0,26.7,38.7,0.0,0.0,0.0,0.0,3.0,1004.4000000000001,1002.2,99.5,0.0,1.0,99.5,0.47,1.445,32.95,231.0,16.4,22.2,230.5,30.85,27.5,24.7,20.1,0.358,0.3705,0.4135,0.361,587.0,232.85000000000002,587.0,1286.05,1286.65,585.1,230.5,360.4,224.75,585.1
2024-07-18 05:00:00,45491.0,0.208333333333333,23.2,75.0,2246,暴雨~大雨,PID,33.3,69.0,400.0,345.0,26.9,39.8,0.0,0.0,0.0,0.0,3.0,1004.2,1002.0,100.0,0.0,2.0,100.0,0.58,1.57,36.0,234.0,17.0,22.7,234.0,31.3,27.6,24.7,20.1,0.357,0.37,0.413,0.361,745.0,409.8,745.0,1292.6,1275.3,735.0,404.3,340.4,394.7,735.0
2024-07-18 05:30:00,45491.0,0.229166666666667,23.5,75.2,2276,暴雨~大雨,PID,32.65,71.0,337.0,347.5,26.7,38.75,0.9,0.9,0.0,0.0,32.0,1004.2,1002.0,99.0,13.0,16.0,98.5,0.53,1.4300000000000002,36.0,239.5,16.95,22.65,240.0,31.4,27.700000000000003,24.7,20.1,0.367,0.3695,0.413,0.361,684.5,351.85,684.5,1263.65,1229.1,666.4,342.9,337.85,328.6,666.4
2024-07-18 06:00:00,45491.0,0.25,23.8,75.4,2472,暴雨~大雨,PID,32.0,73.0,274.0,350.0,26.5,37.7,1.8,1.8,0.0,0.0,61.0,1004.2,1002.0,98.0,26.0,30.0,97.0,0.48,1.29,36.0,245.0,16.9,22.6,246.0,31.5,27.8,24.7,20.1,0.377,0.369,0.413,0.361,624.0,293.9,624.0,1234.7,1182.9,597.8,281.5,335.3,262.5,597.8
2024-07-18 06:30:00,45491.0,0.270833333333333,24,75.4,2343,暴雨~大雨,PID,31.65,75.0,145.0,267.5,26.6,37.95,0.95,0.95,0.0,0.0,56.0,1004.05,1001.85,98.5,13.5,27.0,98.0,0.32999999999999996,1.18,33.65,237.0,12.0,16.3,235.5,31.15,27.85,24.7,20.1,0.3765,0.369,0.413,0.361,412.5,156.5,412.5,1172.25,1104.9,391.9,149.6,253.25,138.65000000000003,391.9
2024-07-18 07:00:00,45491.0,0.291666666666667,24.2,75.4,2521,暴雨~大雨,PID,31.3,77.0,16.0,185.0,26.7,38.2,0.1,0.1,0.0,0.0,51.0,1003.9,1001.7,99.0,1.0,24.0,99.0,0.18,1.07,31.3,229.0,7.1,10.0,225.0,30.8,27.9,24.7,20.1,0.376,0.369,0.413,0.361,201.0,19.1,201.0,1109.8,1026.9,186.0,17.7,171.2,14.8,186.0
2024-07-18 07:30:00,45491.0,0.3125,24.4,75.3,2438,暴雨~大雨,PID,31.35,78.0,21.0,199.0,27.0,38.3,0.2,0.2,0.0,0.0,51.0,1003.8,1001.6,99.5,0.5,61.0,99.5,0.195,1.025,24.3,234.5,8.049999999999999,11.2,233.0,30.700000000000003,28.0,24.7,20.1,0.3765,0.369,0.413,0.361,220.0,28.150000000000002,220.0,1018.0999999999999,922.5,198.55,25.25,179.64999999999998,18.9,198.55
2024-07-18 08:00:00,45491.0,0.333333333333333,25.4,75.3,2324,暴雨~大雨,PID,31.4,79.0,26.0,213.0,27.3,38.4,0.3,0.3,0.0,0.0,51.0,1003.7,1001.5,100.0,0.0,98.0,100.0,0.21,0.98,17.3,240.0,9.0,12.4,241.0,30.6,28.1,24.7,20.1,0.377,0.369,0.413,0.361,239.0,37.2,239.0,926.4,818.1,211.1,32.8,188.1,23.0,211.1
2024-07-18 08:30:00,45491.0,0.354166666666667,25.5,75.0,2257,暴雨~大雨,PID,31.15,81.5,14.0,165.5,27.55,38.55,0.44999999999999996,0.44999999999999996,0.0,0.0,52.0,1003.6,1001.35,100.0,0.0,96.0,100.0,0.16,0.855,16.75,227.5,7.55,11.5,224.5,30.35,28.15,24.7,20.1,0.379,0.369,0.413,0.361,179.5,20.5,179.5,811.65,694.35,154.7,17.95,142.35,12.3,154.7
2024-07-18 09:00:00,45491.0,0.375,26.4,74.8,2177,暴雨~大雨,PID,30.9,84.0,2.0,118.0,27.8,38.7,0.6,0.6,0.0,0.0,53.0,1003.5,1001.2,100.0,0.0,94.0,100.0,0.11,0.73,16.2,215.0,6.1,10.6,208.0,30.1,28.2,24.7,20.1,0.381,0.369,0.413,0.361,120.0,3.8,120.0,696.9,570.6,98.3,3.1,96.6,1.6,98.3
2024-07-18 09:30:00,45491.0,0.395833333333333,26.4,74.3,2313,暴雨~大雨,PID,30.65,85.0,2.5,94.5,27.8,38.3,0.35,0.35,0.0,0.0,52.0,1003.5,1001.2,100.0,0.0,78.5,100.0,0.095,0.6699999999999999,15.5,205.0,7.3999999999999995,13.850000000000001,196.5,29.9,28.2,24.7,20.1,0.381,0.369,0.4125,0.361,97.0,6.449999999999999,97.0,566.95,435.95000000000005,74.65,4.7,72.8,1.85,74.65
2024-07-18 10:00:00,45491.0,0.416666666666667,25.3,73.4,2272,暴雨~大雨,PID,30.4,86.0,3.0,71.0,27.8,37.9,0.1,0.1,0.0,0.0,51.0,1003.5,1001.2,100.0,0.0,63.0,100.0,0.08,0.61,14.8,195.0,8.7,17.1,185.0,29.7,28.2,24.7,20.1,0.381,0.369,0.412,0.361,74.0,9.1,74.0,437.0,301.3,51.0,6.3,49.0,2.1,51.0
2024-07-18 10:30:00,45491.0,0.4375,25.2,72.8,2218,暴雨~大雨,PID,30.15,85.5,1.5,43.0,27.450000000000003,37.15,0.05,0.05,0.0,0.0,26.5,1003.6,1001.3,75.0,0.0,39.5,70.0,0.065,0.62,16.75,198.5,10.05,19.6,188.0,29.35,28.2,24.7,20.1,0.3805,0.369,0.412,0.361,44.5,4.55,44.5,300.7,164.95000000000002,26.6,3.15,25.8,1.05,26.8
2024-07-18 11:00:00,45491.0,0.458333333333333,24.3,71.9,2460,暴雨~大雨,PID,29.9,85.0,0.0,15.0,27.1,36.4,0.0,0.0,0.0,0.0,2.0,1003.7,1001.4,50.0,0.0,16.0,40.0,0.05,0.63,18.7,202.0,11.4,22.1,191.0,29.0,28.2,24.7,20.1,0.38,0.369,0.412,0.361,15.0,0.0,15.0,164.4,28.6,2.2,0.0,2.6,0.0,2.6
2024-07-18 11:30:00,45491.0,0.479166666666667,24.1,71.2,2355,暴雨~大雨,PID,29.6,84.0,0.0,7.5,26.65,35.75,0.0,0.0,0.0,0.0,2.5,1003.8,1001.5,72.5,0.0,12.5,67.5,0.05,0.6599999999999999,19.799999999999997,206.5,11.75,23.9,197.0,28.7,28.2,24.7,20.1,0.3795,0.369,0.412,0.361,7.5,0.0,7.5,84.5,14.299999999999999,1.1,0.0,1.3,0.0,1.3
2024-07-18 12:00:00,45491.0,0.5,24.5,70.7,2497,暴雨~大雨,PID,29.3,83.0,0.0,0.0,26.2,35.1,0.0,0.0,0.0,0.0,3.0,1003.9,1001.6,95.0,0.0,9.0,95.0,0.05,0.69,20.9,211.0,12.1,25.7,203.0,28.4,28.2,24.7,20.1,0.379,0.369,0.412,0.361,0.0,0.0,0.0,4.6,0.0,0.0,0.0,0.0,0.0,0.0
2024-07-18 12:30:00,45491.0,0.520833333333333,24.2,69.9,2482,暴雨~大雨,PID,29.200000000000003,84.5,0.0,0.0,26.4,35.35,0.0,0.0,0.0,0.0,3.0,1004.4,1002.1,97.5,0.0,52.0,97.5,0.030000000000000002,0.625,18.0,206.0,10.55,23.049999999999997,192.5,28.5,28.0,24.7,20.1,0.37,0.368,0.4145,0.3615,0.0,0.0,0.0,2.3,0.0,0.0,0.0,0.0,0.0,0.0
2024-07-18 13:00:00,45491.0,0.541666666666667,24.7,69.4,2315,暴雨~大雨,PID,29.1,86.0,0.0,0.0,26.6,35.6,0.0,0.0,0.0,0.0,3.0,1004.9,1002.6,100.0,0.0,95.0,100.0,0.01,0.56,15.1,201.0,9.0,20.4,182.0,28.6,27.8,24.7,20.1,0.361,0.367,0.417,0.362,0.0,0.0,0.0,0.0,0.0,0.0,0.0,0.0,0.0,0.0
2024-07-18 13:30:00,45491.0,0.5625,24.4,68.7,2308,暴雨~大雨,PID,29.15,85.0,0.0,0.0,26.4,35.400000000000006,0.0,0.0,0.0,0.0,3.0,1005.05,1002.75,99.5,0.0,85.5,99.0,0.015,0.6100000000000001,16.75,200.0,9.75,21.65,185.0,28.4,27.8,24.7,20.1,0.361,0.367,0.417,0.362,0.0,0.0,0.0,0.0,0.0,0.0,0.0,0.0,0.0,0.0
2024-07-18 14:00:00,45491.0,0.583333333333333,23.5,67.8,2337,暴雨~大雨,PID,29.2,84.0,0.0,0.0,26.2,35.2,0.0,0.0,0.0,0.0,3.0,1005.2,1002.9,99.0,0.0,76.0,98.0,0.02,0.66,18.4,199.0,10.5,22.9,188.0,28.2,27.8,24.7,20.1,0.361,0.367,0.417,0.362,0.0,0.0,0.0,0.0,0.0,0.0,0.0,0.0,0.0,0.0
2024-07-18 14:30:00,45491.0,0.604166666666667,23.2,67.2,2281,暴雨~大雨,PID,29.0,84.5,0.0,0.0,26.1,34.95,0.0,0.0,0.0,0.0,3.0,1005.1500000000001,1002.8499999999999,93.0,0.0,81.5,49.5,0.02,0.625,18.9,195.0,10.5,22.65,187.0,28.049999999999997,27.8,24.7,20.1,0.361,0.367,0.417,0.362,0.0,0.0,0.0,0.0,0.0,0.0,0.0,0.0,0.0,0.0
2024-07-18 15:00:00,45491.0,0.625,22.1,66.3,2360,暴雨~大雨,PID,28.8,85.0,0.0,0.0,26.0,34.7,0.0,0.0,0.0,0.0,3.0,1005.1,1002.8,87.0,0.0,87.0,1.0,0.02,0.59,19.4,191.0,10.5,22.4,186.0,27.9,27.8,24.7,20.1,0.361,0.367,0.417,0.362,0.0,0.0,0.0,0.0,0.0,0.0,0.0,0.0,0.0,0.0
2024-07-18 15:30:00,45491.0,0.645833333333333,21.7,65.8,2307,暴雨~大雨,PID,28.5,86.5,0.0,0.0,26.05,34.55,0.0,0.0,0.0,0.0,3.0,1005.05,1002.75,90.5,0.0,90.5,1.5,0.015,0.52,18.7,192.5,9.6,21.6,185.5,27.75,27.75,24.75,20.1,0.361,0.367,0.4165,0.362,0.0,0.0,0.0,0.0,0.0,0.0,0.0,0.0,0.0,0.0
2024-07-18 16:00:00,45491.0,0.666666666666667,21.4,65.3,2277,暴雨~大雨,PID,28.2,88.0,0.0,0.0,26.1,34.4,0.0,0.0,0.0,0.0,3.0,1005.0,1002.7,94.0,0.0,94.0,2.0,0.01,0.45,18.0,194.0,8.7,20.8,185.0,27.6,27.7,24.8,20.1,0.361,0.367,0.416,0.362,0.0,0.0,0.0,0.0,0.0,0.0,0.0,0.0,0.0,0.0
2024-07-18 16:30:00,45491.0,0.6875,21.1,64.9,2292,暴雨~大雨,PID,28.299999999999997,86.0,0.0,0.0,25.75,34.05,0.0,0.0,0.0,0.0,3.0,1004.55,1002.25,88.0,0.0,48.5,41.5,0.015,0.54,19.1,199.0,10.2,23.05,191.5,27.5,27.65,24.8,20.1,0.3605,0.367,0.416,0.362,0.0,0.0,0.0,0.0,0.0,0.0,0.0,0.0,0.0,0.0
2024-07-18 17:00:00,45491.0,0.708333333333333,20.8,64.7,2440,暴雨~大雨,PID,28.4,84.0,0.0,0.0,25.4,33.7,0.0,0.0,0.0,0.0,3.0,1004.1,1001.8,82.0,0.0,3.0,81.0,0.02,0.63,20.2,204.0,11.7,25.3,198.0,27.4,27.6,24.8,20.1,0.36,0.367,0.416,0.362,0.0,0.0,0.0,0.0,0.0,0.0,0.0,0.0,0.0,0.0
2024-07-18 17:30:00,45491.0,0.729166666666667,20.5,64.4,2470,暴雨~大雨,PID,28.25,82.0,0.0,0.0,24.85,33.25,0.0,0.0,0.0,0.0,3.0,1003.8,1001.5,91.0,0.0,6.0,90.5,0.025,0.6950000000000001,20.9,207.0,11.55,25.55,201.0,27.25,27.55,24.8,20.1,0.36,0.3665,0.416,0.362,0.0,0.0,0.0,0.0,0.0,0.0,0.0,0.0,0.0,0.0
2024-07-18 18:00:00,45491.0,0.75,21.2,64.6,2464,暴雨~大雨,PID,28.1,80.0,0.0,0.0,24.3,32.8,0.0,0.0,0.0,0.0,3.0,1003.5,1001.2,100.0,0.0,9.0,100.0,0.03,0.76,21.6,210.0,11.4,25.8,204.0,27.1,27.5,24.8,20.1,0.36,0.366,0.416,0.362,0.0,0.0,0.0,0.0,0.0,0.0,0.0,0.0,0.0,0.0
2024-07-18 18:30:00,45491.0,0.770833333333333,21,64.6,2579,暴雨~大雨,PID,28.05,79.5,0.0,0.0,24.15,32.5,0.0,0.0,0.0,0.0,3.0,1003.3,1001.0,100.0,0.0,5.5,100.0,0.035,0.78,22.15,214.0,12.4,26.6,207.5,27.0,27.45,24.8,20.1,0.36,0.366,0.416,0.362,0.0,0.0,0.0,0.0,0.0,0.0,0.0,0.0,0.0,0.0
2024-07-18 19:00:00,45491.0,0.791666666666667,21.5,64.9,2264,暴雨~大雨,PID,28.0,79.0,0.0,0.0,24.0,32.2,0.0,0.0,0.0,0.0,3.0,1003.1,1000.8,100.0,0.0,2.0,100.0,0.04,0.8,22.7,218.0,13.4,27.4,211.0,26.9,27.4,24.8,20.1,0.36,0.366,0.416,0.362,0.0,0.0,0.0,0.0,0.0,0.0,0.0,0.0,0.0,0.0
2024-07-18 19:30:00,45491.0,0.8125,21.3,65.1,2273,暴雨~大雨,PID,28.0,78.5,0.0,0.0,23.95,32.2,0.0,0.0,0.0,0.0,3.0,1003.2,1000.9,100.0,0.0,36.5,100.0,0.04,0.805,23.4,219.0,13.2,27.1,212.5,26.85,27.35,24.8,20.1,0.36,0.366,0.416,0.362,0.0,0.0,0.0,0.0,0.0,0.0,0.0,0.0,0.0,0.0
2024-07-18 20:00:00,45491.0,0.833333333333333,20.3,65.1,2304,暴雨~大雨,PID,28.0,78.0,0.0,0.0,23.9,32.2,0.0,0.0,0.0,0.0,3.0,1003.3,1001.0,100.0,0.0,71.0,100.0,0.04,0.81,24.1,220.0,13.0,26.8,214.0,26.8,27.3,24.8,20.1,0.36,0.366,0.416,0.362,0.0,0.0,0.0,0.0,0.0,0.0,0.0,0.0,0.0,0.0
2024-07-18 20:30:00,45491.0,0.854166666666667,20.3,65.5,2300,暴雨~大雨,PID,28.0,78.0,0.0,0.0,23.799999999999997,32.150000000000006,0.0,0.0,0.0,0.0,3.0,1003.3,1001.0,100.0,0.0,39.0,100.0,0.04,0.825,23.4,219.5,12.65,26.450000000000003,213.0,26.8,27.25,24.8,20.1,0.36,0.366,0.4155,0.362,0.0,0.0,0.0,0.0,0.0,0.0,0.0,0.0,0.0,0.0
2024-07-18 21:00:00,45491.0,0.875,19.6,65.8,2230,暴雨~大雨,PID,28.0,78.0,0.0,0.0,23.7,32.1,0.0,0.0,0.0,0.0,3.0,1003.3,1001.0,100.0,0.0,7.0,100.0,0.04,0.84,22.7,219.0,12.3,26.1,212.0,26.8,27.2,24.8,20.1,0.36,0.366,0.415,0.362,0.0,0.0,0.0,0.0,0.0,0.0,0.0,0.0,0.0,0.0
2024-07-18 21:30:00,45491.0,0.895833333333333,19.6,66.3,2195,暴雨~大雨,PID,28.0,78.0,0.0,6.0,23.75,32.0,0.0,0.0,0.0,0.0,3.0,1003.4,1001.1,100.0,0.0,14.5,100.0,0.05500000000000001,0.835,23.6,218.0,13.350000000000001,27.55,212.0,26.75,27.15,24.8,20.1,0.36,0.366,0.415,0.362,6.0,0.0,6.0,44.7,99.65,8.1,0.0,13.35,0.0,13.35
2024-07-18 22:00:00,45491.0,0.916666666666667,19.7,66.9,2177,暴雨~大雨,PID,28.0,78.0,0.0,12.0,23.8,31.9,0.0,0.0,0.0,0.0,3.0,1003.5,1001.2,100.0,0.0,22.0,100.0,0.07,0.83,24.5,217.0,14.4,29.0,212.0,26.7,27.1,24.8,20.1,0.36,0.366,0.415,0.362,12.0,0.0,12.0,89.4,199.3,16.2,0.0,26.7,0.0,26.7
2024-07-18 22:30:00,45491.0,0.9375,19.8,67.5,2231,暴雨~大雨,PID,28.3,77.5,1.5,40.0,23.950000000000003,32.15,0.0,0.0,0.0,0.0,3.0,1003.85,1001.55,100.0,0.0,38.5,100.0,0.09,0.87,25.75,217.0,15.2,29.3,211.5,26.799999999999997,27.1,24.8,20.1,0.3595,0.366,0.415,0.362,41.5,5.9,41.5,212.75,335.70000000000005,57.95,8.3,61.099999999999994,2.1,63.2
2024-07-18 23:00:00,45491.0,0.958333333333333,20,68.2,2166,暴雨~大雨,PID,28.6,77.0,3.0,68.0,24.1,32.4,0.0,0.0,0.0,0.0,3.0,1004.2,1001.9,100.0,0.0,55.0,100.0,0.11,0.91,27.0,217.0,16.0,29.6,211.0,26.9,27.1,24.8,20.1,0.359,0.366,0.415,0.362,71.0,11.8,71.0,336.1,472.1,99.7,16.6,95.5,4.2,99.7
2024-07-18 23:30:00,45491.0,0.979166666666667,20.2,69.0,2148,暴雨~大雨,PID,28.9,76.0,6.0,100.5,24.25,32.849999999999994,0.0,0.0,0.0,0.0,3.0,1004.4000000000001,1002.0999999999999,100.0,0.0,68.0,100.0,0.135,0.9550000000000001,27.55,216.0,15.75,28.65,211.0,27.049999999999997,27.05,24.8,20.15,0.3585,0.3655,0.415,0.3625,106.5,15.8,106.5,469.5,600.9000000000001,135.8,20.25,128.25,7.55,135.8
2024-07-19 00:00:00,45492.0,0.0,20.3,65.0,2222,多云,PID,29.2,75.0,9.0,133.0,24.4,33.3,0.0,0.0,0.0,0.0,3.0,1004.6,1002.3,100.0,0.0,81.0,100.0,0.16,1.0,28.1,215.0,15.5,27.7,211.0,27.2,27.0,24.8,20.2,0.358,0.365,0.415,0.363,142.0,19.8,142.0,602.9,729.7,171.9,23.9,161.0,10.9,171.9
2024-07-19 00:30:00,45492.0,0.0208333333333333,20.4,65.7,2289,多云,PID,29.65,75.0,10.0,147.0,24.75,33.7,0.0,0.0,0.0,0.0,3.0,1004.45,1002.15,99.0,0.0,89.5,84.0,0.17500000000000002,1.0350000000000001,29.700000000000003,214.5,17.150000000000002,29.299999999999997,210.0,27.7,27.1,24.8,20.2,0.3565,0.3645,0.4145,0.3625,157.0,18.5,157.0,724.25,842.2,183.05,21.7,171.4,11.65,183.05
2024-07-19 01:00:00,45492.0,0.0416666666666667,20.5,66.3,2047,多云,PID,30.1,75.0,11.0,161.0,25.1,34.1,0.0,0.0,0.0,0.0,3.0,1004.3,1002.0,98.0,0.0,98.0,68.0,0.19,1.07,31.3,214.0,18.8,30.9,209.0,28.2,27.2,24.8,20.2,0.355,0.364,0.414,0.362,172.0,17.2,172.0,845.6,954.7,194.2,19.5,181.8,12.4,194.2
2024-07-19 01:30:00,45492.0,0.0625,20.7,67.1,2227,多云,PID,30.450000000000003,75.0,40.0,193.5,25.55,34.85,0.0,0.0,0.0,0.0,3.0,1004.15,1001.85,99.0,0.5,96.5,82.0,0.225,1.08,31.65,214.5,18.4,30.45,211.0,28.45,27.2,24.8,20.2,0.3545,0.364,0.4135,0.3625,233.5,52.2,233.5,946.6500000000001,1043.2,256.40000000000003,56.85,212.95,43.45,256.40000000000003
2024-07-19 02:00:00,45492.0,0.0833333333333333,20.9,67.8,2249,多云,PID,30.8,75.0,69.0,226.0,26.0,35.6,0.0,0.0,0.0,0.0,3.0,1004.0,1001.7,100.0,1.0,95.0,96.0,0.26,1.09,32.0,215.0,18.0,30.0,213.0,28.7,27.2,24.8,20.2,0.354,0.364,0.413,0.363,295.0,87.2,295.0,1047.7,1131.7,318.6,94.2,244.1,74.5,318.6
2024-07-19 02:30:00,45492.0,0.104166666666667,21.2,68.5,2287,多云,PID,31.549999999999997,72.5,121.5,275.5,26.0,36.35,0.0,0.0,0.0,0.0,3.0,1004.2,1001.95,100.0,0.5,96.5,98.0,0.33999999999999997,1.275,31.65,213.0,17.85,27.6,211.0,29.15,27.25,24.8,20.2,0.3535,0.3635,0.413,0.363,397.0,140.0,397.0,1121.6,1190.1,419.85,147.75,291.75,128.1,419.85
2024-07-19 03:00:00,45492.0,0.125,21.5,69.3,2299,多云,PID,32.3,70.0,174.0,325.0,26.0,37.1,0.0,0.0,0.0,0.0,3.0,1004.4,1002.2,100.0,0.0,98.0,100.0,0.42,1.46,31.3,211.0,17.7,25.2,209.0,29.6,27.3,24.8,20.2,0.353,0.363,0.413,0.363,499.0,192.8,499.0,1195.5,1248.5,521.1,201.3,339.4,181.7,521.1
2024-07-19 03:30:00,45492.0,0.145833333333333,21.8,70.0,2303,多云,PID,31.9,71.0,95.5,288.5,25.95,36.75,0.0,0.0,0.0,0.0,3.0,1004.3,1002.1,100.0,0.0,95.0,100.0,0.33999999999999997,1.37,31.65,214.0,17.4,26.35,212.0,29.6,27.35,24.8,20.2,0.352,0.3625,0.413,0.363,384.0,105.2,384.0,1237.15,1272.9,397.0,109.60000000000001,297.54999999999995,99.44999999999999,397.0
2024-07-19 04:00:00,45492.0,0.166666666666667,22.1,70.7,2254,多云,PID,31.5,72.0,17.0,252.0,25.9,36.4,0.0,0.0,0.0,0.0,3.0,1004.2,1002.0,100.0,0.0,92.0,100.0,0.26,1.28,32.0,217.0,17.1,27.5,215.0,29.6,27.4,24.8,20.2,0.351,0.362,0.413,0.363,269.0,17.6,269.0,1278.8,1297.3,272.9,17.9,255.7,17.2,272.9
2024-07-19 04:30:00,45492.0,0.1875,22.4,71.3,2305,多云,PID,31.7,72.0,18.0,273.0,26.049999999999997,36.55,0.0,0.0,0.0,0.0,3.0,1003.95,1001.75,100.0,0.0,82.5,100.0,0.28,1.2950000000000002,31.3,217.0,17.85,27.9,215.5,29.700000000000003,27.45,24.8,20.2,0.3505,0.362,0.413,0.363,291.0,18.55,291.0,1285.35,1286.0,290.85,18.549999999999997,272.9,17.95,290.85
2024-07-19 05:00:00,45492.0,0.208333333333333,22.8,71.9,2273,多云,PID,31.9,72.0,19.0,294.0,26.2,36.7,0.0,0.0,0.0,0.0,3.0,1003.7,1001.5,100.0,0.0,73.0,100.0,0.3,1.31,30.6,217.0,18.6,28.3,216.0,29.8,27.5,24.8,20.2,0.35,0.362,0.413,0.363,313.0,19.5,313.0,1291.9,1274.7,308.8,19.2,290.1,18.7,308.8
2024-07-19 05:30:00,45492.0,0.229166666666667,23.1,72.4,2318,多云,PID,32.25,70.0,114.5,330.0,26.049999999999997,36.85,0.0,0.0,0.0,0.0,3.0,1003.5,1001.3,100.0,0.0,67.5,100.0,0.385,1.44,34.2,218.0,19.65,29.15,217.5,30.1,27.55,24.8,20.2,0.349,0.3615,0.4125,0.363,444.5,122.45,444.5,1263.0,1228.45,430.29999999999995,117.55000000000001,320.35,109.95,430.29999999999995
2024-07-19 06:00:00,45492.0,0.25,23.4,72.9,2487,多云,PID,32.6,68.0,210.0,366.0,25.9,37.0,0.0,0.0,0.0,0.0,3.0,1003.3,1001.1,100.0,0.0,62.0,100.0,0.47,1.57,37.8,219.0,20.7,30.0,219.0,30.4,27.6,24.8,20.2,0.348,0.361,0.412,0.363,576.0,225.4,576.0,1234.1,1182.2,551.8,215.9,350.6,201.2,551.8
2024-07-19 06:30:00,45492.0,0.270833333333333,23.7,73.2,2378,多云,PID,32.2,70.0,134.5,307.0,26.0,36.8,0.0,0.0,0.0,0.0,3.0,1003.3499999999999,1001.1500000000001,100.0,0.0,71.5,100.0,0.38,1.45,37.099999999999994,217.0,19.5,29.6,215.5,30.35,27.700000000000003,24.8,20.2,0.3475,0.3605,0.412,0.363,441.5,147.95,441.5,1171.6,1104.15,417.9,140.55,290.05,127.89999999999999,417.9
2024-07-19 07:00:00,45492.0,0.291666666666667,24,73.5,2425,多云,PID,31.8,72.0,59.0,248.0,26.1,36.6,0.0,0.0,0.0,0.0,3.0,1003.4,1001.2,100.0,0.0,81.0,100.0,0.29,1.33,36.4,215.0,18.3,29.2,212.0,30.3,27.8,24.8,20.2,0.347,0.36,0.412,0.363,307.0,70.5,307.0,1109.1,1026.1,284.0,65.2,229.5,54.6,284.0
2024-07-19 07:30:00,45492.0,0.3125,24.3,73.7,2373,多云,PID,31.6,73.0,37.0,208.0,26.15,36.6,0.0,0.0,0.0,0.0,3.0,1003.3,1001.1,100.0,0.0,44.0,100.0,0.245,1.255,33.7,211.5,17.15,28.2,207.5,30.15,27.85,24.85,20.2,0.3465,0.36,0.412,0.363,245.0,46.0,245.0,1017.25,921.5999999999999,222.8,42.1,188.9,33.9,222.8
2024-07-19 08:00:00,45492.0,0.333333333333333,25.3,74.0,2269,多云,PID,31.4,74.0,15.0,168.0,26.2,36.6,0.0,0.0,0.0,0.0,3.0,1003.2,1001.0,100.0,0.0,7.0,100.0,0.2,1.18,31.0,208.0,16.0,27.2,203.0,30.0,27.9,24.9,20.2,0.346,0.36,0.412,0.363,183.0,21.5,183.0,925.4,817.1,161.6,19.0,148.3,13.2,161.6
2024-07-19 08:30:00,45492.0,0.354166666666667,25.5,74.0,2290,多云,PID,31.4,74.5,14.5,164.5,26.299999999999997,36.85,0.0,0.0,0.0,0.0,3.0,1003.2,1001.0,100.0,0.0,7.0,100.0,0.19,1.17,29.0,205.5,14.95,25.95,200.0,29.9,27.95,24.9,20.2,0.3455,0.3595,0.412,0.363,179.0,24.1,179.0,810.55,693.2,152.39999999999998,20.4,140.0,12.35,152.39999999999998
2024-07-19 09:00:00,45492.0,0.375,26.4,74.1,2259,多云,PID,31.4,75.0,14.0,161.0,26.4,37.1,0.0,0.0,0.0,0.0,3.0,1003.2,1001.0,100.0,0.0,7.0,100.0,0.18,1.16,27.0,203.0,13.9,24.7,197.0,29.8,28.0,24.9,20.2,0.345,0.359,0.412,0.363,175.0,26.7,175.0,695.7,569.3,143.2,21.8,131.7,11.5,143.2
2024-07-19 09:30:00,45492.0,0.395833333333333,26.5,73.8,2325,多云,PID,31.2,75.0,8.0,130.5,26.25,36.75,0.0,0.0,0.0,0.0,3.0,1003.2,1000.95,100.0,0.0,4.0,100.0,0.155,1.13,25.55,200.0,13.95,25.549999999999997,194.5,29.700000000000003,28.0,24.9,20.2,0.345,0.359,0.4115,0.363,138.5,16.4,138.5,565.6,434.45,106.69999999999999,13.0,100.25,6.45,106.69999999999999
2024-07-19 10:00:00,45492.0,0.416666666666667,25.8,73.3,2209,多云,PID,31.0,75.0,2.0,100.0,26.1,36.4,0.0,0.0,0.0,0.0,3.0,1003.2,1000.9,100.0,0.0,1.0,100.0,0.13,1.1,24.1,197.0,14.0,26.4,192.0,29.6,28.0,24.9,20.2,0.345,0.359,0.411,0.363,102.0,6.1,102.0,435.5,299.6,70.2,4.2,68.8,1.4,70.2
2024-07-19 10:30:00,45492.0,0.4375,25.9,72.9,2395,多云,PID,30.75,75.5,2.0,68.0,25.9,36.05,0.0,0.0,0.0,0.0,3.0,1003.3,1001.0,100.0,0.0,0.5,100.0,0.11,1.08,23.950000000000003,195.5,13.55,26.75,190.5,29.4,28.0,24.9,20.2,0.345,0.359,0.411,0.363,70.0,9.75,70.0,299.0,163.05,37.65,3.0,37.349999999999994,0.85,38.2
2024-07-19 11:00:00,45492.0,0.458333333333333,25.2,72.2,2561,多云,PID,30.5,76.0,2.0,36.0,25.7,35.7,0.0,0.0,0.0,0.0,3.0,1003.4,1001.1,100.0,0.0,0.0,100.0,0.09,1.06,23.8,194.0,13.1,27.1,189.0,29.2,28.0,24.9,20.2,0.345,0.359,0.411,0.363,38.0,13.4,38.0,162.5,26.5,5.1,1.8,5.9,0.3,6.2
2024-07-19 11:30:00,45492.0,0.479166666666667,25.1,71.7,2516,多云,PID,30.25,76.0,1.0,18.0,25.549999999999997,35.5,0.0,0.0,0.0,0.0,3.0,1003.5999999999999,1001.3,100.0,0.0,1.0,100.0,0.075,1.03,23.25,194.0,12.399999999999999,26.9,189.0,29.0,28.0,24.9,20.2,0.345,0.359,0.411,0.363,19.0,6.700000000000001,19.0,83.0,13.25,2.55,0.9,2.95,0.15,3.1
2024-07-19 12:00:00,45492.0,0.5,26,71.4,2463,多云,PID,30.0,76.0,0.0,0.0,25.4,35.3,0.0,0.0,0.0,0.0,3.0,1003.8,1001.5,100.0,0.0,2.0,100.0,0.06,1.0,22.7,194.0,11.7,26.7,189.0,28.8,28.0,24.9,20.2,0.345,0.359,0.411,0.363,0.0,0.0,0.0,3.5,0.0,0.0,0.0,0.0,0.0,0.0
2024-07-19 12:30:00,45492.0,0.520833333333333,25.8,70.7,2437,多云,PID,29.9,79.0,0.0,0.0,25.85,35.599999999999994,0.0,0.0,0.0,0.0,3.0,1004.4,1002.1,100.0,0.0,9.0,100.0,0.045,0.885,20.7,196.5,11.2,25.35,191.5,28.85,27.85,24.9,20.2,0.34299999999999997,0.358,0.4105,0.363,0.0,0.0,0.0,1.75,0.0,0.0,0.0,0.0,0.0,0.0
2024-07-19 13:00:00,45492.0,0.541666666666667,26.5,70.2,2238,多云,PID,29.8,82.0,0.0,0.0,26.3,35.9,0.0,0.0,0.0,0.0,3.0,1005.0,1002.7,100.0,0.0,16.0,100.0,0.03,0.77,18.7,199.0,10.7,24.0,194.0,28.9,27.7,24.9,20.2,0.341,0.357,0.41,0.363,0.0,0.0,0.0,0.0,0.0,0.0,0.0,0.0,0.0,0.0
2024-07-19 13:30:00,45492.0,0.5625,26.3,69.5,2291,多云,PID,29.65,83.0,0.0,0.0,26.35,35.95,0.0,0.0,0.0,0.0,3.0,1005.0,1002.7,100.0,0.0,11.0,100.0,0.02,0.72,18.549999999999997,196.0,9.3,22.349999999999998,188.5,28.7,27.7,24.9,20.2,0.341,0.357,0.41,0.363,0.0,0.0,0.0,0.0,0.0,0.0,0.0,0.0,0.0,0.0
2024-07-19 14:00:00,45492.0,0.583333333333333,25.1,68.5,2268,多云,PID,29.5,84.0,0.0,0.0,26.4,36.0,0.0,0.0,0.0,0.0,3.0,1005.0,1002.7,100.0,0.0,6.0,100.0,0.01,0.67,18.4,193.0,7.9,20.7,183.0,28.5,27.7,24.9,20.2,0.341,0.357,0.41,0.363,0.0,0.0,0.0,0.0,0.0,0.0,0.0,0.0,0.0,0.0
2024-07-19 14:30:00,45492.0,0.604166666666667,24.9,67.8,2221,多云,PID,29.25,85.5,0.0,0.0,26.45,35.75,0.0,0.0,0.0,0.0,3.0,1004.9,1002.6,100.0,0.0,4.0,100.0,0.01,0.6000000000000001,16.75,193.5,8.15,20.75,185.0,28.35,27.7,24.9,20.2,0.341,0.357,0.41,0.363,0.0,0.0,0.0,0.0,0.0,0.0,0.0,0.0,0.0,0.0
2024-07-19 15:00:00,45492.0,0.625,23.7,66.8,2231,多云,PID,29.0,87.0,0.0,0.0,26.5,35.5,0.0,0.0,0.0,0.0,3.0,1004.8,1002.5,100.0,0.0,2.0,100.0,0.01,0.53,15.1,194.0,8.4,20.8,187.0,28.2,27.7,24.9,20.2,0.341,0.357,0.41,0.363,0.0,0.0,0.0,0.0,0.0,0.0,0.0,0.0,0.0,0.0
2024-07-19 15:30:00,45492.0,0.645833333333333,23.4,66.1,2389,多云,PID,28.9,87.5,0.0,0.0,26.6,35.55,0.0,0.0,0.0,0.0,3.0,1004.5999999999999,1002.3,100.0,0.0,3.0,100.0,0.01,0.5,15.3,200.5,8.0,20.55,193.0,28.1,27.7,24.9,20.2,0.341,0.3565,0.41,0.363,0.0,0.0,0.0,0.0,0.0,0.0,0.0,0.0,0.0,0.0
2024-07-19 16:00:00,45492.0,0.666666666666667,23.1,65.4,2265,多云,PID,28.8,88.0,0.0,0.0,26.7,35.6,0.0,0.0,0.0,0.0,3.0,1004.4,1002.1,100.0,0.0,4.0,100.0,0.01,0.47,15.5,207.0,7.6,20.3,199.0,28.0,27.7,24.9,20.2,0.341,0.356,0.41,0.363,0.0,0.0,0.0,0.0,0.0,0.0,0.0,0.0,0.0,0.0
2024-07-19 16:30:00,45492.0,0.6875,22.7,64.8,2302,多云,PID,28.55,88.5,0.0,0.0,26.549999999999997,35.35,0.0,0.0,0.0,0.0,3.0,1004.25,1001.95,100.0,0.0,32.5,100.0,0.005,0.44499999999999995,14.6,210.5,7.0,19.1,203.0,27.85,27.65,24.9,20.2,0.341,0.356,0.41,0.363,0.0,0.0,0.0,0.0,0.0,0.0,0.0,0.0,0.0,0.0
2024-07-19 17:00:00,45492.0,0.708333333333333,22.4,64.2,2478,多云,PID,28.3,89.0,0.0,0.0,26.4,35.1,0.0,0.0,0.0,0.0,3.0,1004.1,1001.8,100.0,0.0,61.0,100.0,0.0,0.42,13.7,214.0,6.4,17.9,207.0,27.7,27.6,24.9,20.2,0.341,0.356,0.41,0.363,0.0,0.0,0.0,0.0,0.0,0.0,0.0,0.0,0.0,0.0
2024-07-19 17:30:00,45492.0,0.729166666666667,22.1,63.8,2497,多云,PID,28.15,89.0,0.0,0.0,26.2,34.85,0.0,0.0,0.0,0.0,3.0,1003.9000000000001,1001.5999999999999,100.0,0.0,50.5,100.0,0.0,0.42,12.6,207.5,6.1,17.049999999999997,193.5,27.6,27.6,24.9,20.2,0.3415,0.356,0.41,0.3635,0.0,0.0,0.0,0.0,0.0,0.0,0.0,0.0,0.0,0.0
2024-07-19 18:00:00,45492.0,0.75,22.7,63.6,2524,多云,PID,28.0,89.0,0.0,0.0,26.0,34.6,0.0,0.0,0.0,0.0,3.0,1003.7,1001.4,100.0,0.0,40.0,100.0,0.0,0.42,11.5,201.0,5.8,16.2,180.0,27.5,27.6,24.9,20.2,0.342,0.356,0.41,0.364,0.0,0.0,0.0,0.0,0.0,0.0,0.0,0.0,0.0,0.0
2024-07-19 18:30:00,45492.0,0.770833333333333,22.4,63.3,2527,多云,PID,28.0,88.0,0.0,0.0,25.85,34.35,0.0,0.0,0.0,0.0,3.0,1003.55,1001.25,100.0,0.0,60.0,100.0,0.005,0.45,12.4,195.5,6.7,17.4,177.5,27.45,27.55,24.9,20.2,0.342,0.356,0.41,0.364,0.0,0.0,0.0,0.0,0.0,0.0,0.0,0.0,0.0,0.0
2024-07-19 19:00:00,45492.0,0.791666666666667,23,63.4,2324,多云,PID,28.0,87.0,0.0,0.0,25.7,34.1,0.0,0.0,0.0,0.0,3.0,1003.4,1001.1,100.0,0.0,80.0,100.0,0.01,0.48,13.3,190.0,7.6,18.6,175.0,27.4,27.5,24.9,20.2,0.342,0.356,0.41,0.364,0.0,0.0,0.0,0.0,0.0,0.0,0.0,0.0,0.0,0.0
2024-07-19 19:30:00,45492.0,0.8125,22.7,63.2,2404,多云,PID,28.2,84.5,0.0,0.0,25.4,33.900000000000006,0.0,0.0,0.0,0.0,3.0,1003.45,1001.1500000000001,100.0,0.0,44.5,100.0,0.015,0.5800000000000001,15.3,192.0,8.85,20.8,180.5,27.35,27.45,24.9,20.2,0.342,0.356,0.4095,0.364,0.0,0.0,0.0,0.0,0.0,0.0,0.0,0.0,0.0,0.0
2024-07-19 20:00:00,45492.0,0.833333333333333,21.5,62.9,2409,多云,PID,28.4,82.0,0.0,0.0,25.1,33.7,0.0,0.0,0.0,0.0,3.0,1003.5,1001.2,100.0,0.0,9.0,100.0,0.02,0.68,17.3,194.0,10.1,23.0,186.0,27.3,27.4,24.9,20.2,0.342,0.356,0.409,0.364,0.0,0.0,0.0,0.0,0.0,0.0,0.0,0.0,0.0,0.0
2024-07-19 20:30:00,45492.0,0.854166666666667,21.3,63.0,2293,多云,PID,28.45,79.5,0.0,0.0,24.65,33.45,0.0,0.0,0.0,0.0,3.0,1003.55,1001.25,100.0,0.0,54.5,100.0,0.025,0.78,17.85,196.0,10.399999999999999,23.8,189.0,27.25,27.4,24.9,20.2,0.342,0.356,0.409,0.364,0.0,0.0,0.0,0.0,0.0,0.0,0.0,0.0,0.0,0.0
2024-07-19 21:00:00,45492.0,0.875,20.4,62.9,2307,多云,PID,28.5,77.0,0.0,0.0,24.2,33.2,0.0,0.0,0.0,0.0,3.0,1003.6,1001.3,100.0,0.0,100.0,100.0,0.03,0.88,18.4,198.0,10.7,24.6,192.0,27.2,27.4,24.9,20.2,0.342,0.356,0.409,0.364,0.0,0.0,0.0,0.0,0.0,0.0,0.0,0.0,0.0,0.0
2024-07-19 21:30:00,45492.0,0.895833333333333,20.2,63.1,2265,多云,PID,28.55,76.0,0.0,4.5,24.0,33.05,0.0,0.0,0.0,0.0,3.0,1003.7,1001.4,100.0,0.0,100.0,100.0,0.05,0.9199999999999999,19.299999999999997,200.0,11.1,24.9,193.0,27.2,27.35,24.9,20.2,0.342,0.356,0.409,0.364,4.5,0.0,4.5,44.1,98.4,6.05,0.0,10.05,0.0,10.05
2024-07-19 22:00:00,45492.0,0.916666666666667,20.2,63.5,2143,多云,PID,28.6,75.0,0.0,9.0,23.8,32.9,0.0,0.0,0.0,0.0,3.0,1003.8,1001.5,100.0,0.0,100.0,100.0,0.07,0.96,20.2,202.0,11.5,25.2,194.0,27.2,27.3,24.9,20.2,0.342,0.356,0.409,0.364,9.0,0.0,9.0,88.2,196.8,12.1,0.0,20.1,0.0,20.1
2024-07-19 22:30:00,45492.0,0.9375,20.2,64.0,2354,多云,PID,28.85,75.0,10.0,47.0,24.05,33.2,0.0,0.0,0.0,0.0,3.0,1004.0,1001.7,100.0,0.0,87.5,100.0,0.095,0.98,21.1,204.0,12.2,25.0,196.0,27.299999999999997,27.25,24.95,20.25,0.3415,0.3555,0.409,0.364,57.0,39.65,57.0,211.0,333.4,79.95,55.85,69.9,14.100000000000001,83.95
2024-07-19 23:00:00,45492.0,0.958333333333333,20.2,64.5,2150,多云,PID,29.1,75.0,20.0,85.0,24.3,33.5,0.0,0.0,0.0,0.0,3.0,1004.2,1001.9,100.0,0.0,75.0,100.0,0.12,1.0,22.0,206.0,12.9,24.8,198.0,27.4,27.2,25.0,20.3,0.341,0.355,0.409,0.364,105.0,79.3,105.0,333.8,470.0,147.8,111.7,119.7,28.2,147.8
2024-07-19 23:30:00,45492.0,0.979166666666667,20.3,65.0,2315,多云,PID,29.55,74.5,30.0,121.0,24.55,33.95,0.0,0.0,0.0,0.0,3.0,1004.25,1001.95,100.0,0.0,87.0,99.5,0.155,1.06,23.95,206.5,14.100000000000001,25.5,198.5,27.65,27.2,25.0,20.3,0.341,0.355,0.409,0.364,151.0,83.75,151.0,467.4,599.0,193.2,109.25,154.95,38.35,193.2
2024-07-20 00:00:00,45493.0,0.0,20,69.0,2255,阴,PID,30.0,74.0,40.0,157.0,24.8,34.4,0.0,0.0,0.0,0.0,3.0,1004.3,1002.0,100.0,0.0,99.0,99.0,0.19,1.12,25.9,207.0,15.3,26.2,199.0,27.9,27.2,25.0,20.3,0.341,0.355,0.409,0.364,197.0,88.2,197.0,601.0,728.0,238.6,106.8,190.2,48.5,238.6
2024-07-20 00:30:00,45493.0,0.0208333333333333,20,69.6,2229,阴,PID,30.65,72.5,107.5,190.5,25.15,34.65,0.0,0.0,0.0,0.0,3.0,1004.5,1002.2,100.0,0.0,98.5,97.5,0.265,1.215,33.65,208.0,19.65,31.049999999999997,203.5,28.6,27.2,25.0,20.3,0.338,0.3545,0.4085,0.364,298.0,181.40000000000003,298.0,722.5,840.65,344.65,208.5,221.6,123.1,344.65
2024-07-20 01:00:00,45493.0,0.0416666666666667,20.2,70.2,2301,阴,PID,31.3,71.0,175.0,224.0,25.5,34.9,0.0,0.0,0.0,0.0,3.0,1004.7,1002.4,100.0,0.0,98.0,96.0,0.34,1.31,41.4,209.0,24.0,35.9,208.0,29.3,27.2,25.0,20.3,0.335,0.354,0.408,0.364,399.0,274.6,399.0,844.0,953.3,450.7,310.2,253.0,197.7,450.7
2024-07-20 01:30:00,45493.0,0.0625,20.3,70.9,2163,阴,PID,31.05,70.5,108.0,249.0,25.15,34.3,0.0,0.0,0.0,0.0,3.0,1004.8,1002.5,100.0,0.0,99.0,98.0,0.325,1.315,42.849999999999994,211.5,24.6,37.75,209.5,29.3,27.25,25.0,20.3,0.3345,0.3535,0.4075,0.364,357.0,163.25,357.0,945.25,1041.9499999999998,395.5,183.14999999999998,274.5,121.0,395.5
2024-07-20 02:00:00,45493.0,0.0833333333333333,20.5,71.6,2254,阴,PID,30.8,70.0,41.0,274.0,24.8,33.7,0.0,0.0,0.0,0.0,3.0,1004.9,1002.6,100.0,0.0,100.0,100.0,0.31,1.32,44.3,214.0,25.2,39.6,211.0,29.3,27.3,25.0,20.3,0.334,0.353,0.407,0.364,315.0,51.9,315.0,1046.5,1130.6,340.3,56.1,296.0,44.3,340.3
2024-07-20 02:30:00,45493.0,0.104166666666667,20.7,72.3,2245,阴,PID,30.55,71.0,33.5,245.0,24.75,33.5,0.0,0.0,0.0,0.0,3.0,1005.2,1002.9000000000001,100.0,0.0,100.0,100.0,0.28500000000000003,1.27,43.75,212.5,24.6,38.95,209.5,29.25,27.35,25.0,20.3,0.3335,0.3525,0.407,0.364,278.5,40.35,278.5,1120.5,1189.15,296.55,43.1,260.8,35.75,296.55
2024-07-20 03:00:00,45493.0,0.125,21,73.1,2228,阴,PID,30.3,72.0,26.0,216.0,24.7,33.3,0.0,0.0,0.0,0.0,3.0,1005.5,1003.2,100.0,0.0,100.0,100.0,0.26,1.22,43.2,211.0,24.0,38.3,208.0,29.2,27.4,25.0,20.3,0.333,0.352,0.407,0.364,242.0,28.8,242.0,1194.5,1247.7,252.8,30.1,225.6,27.2,252.8
2024-07-20 03:30:00,45493.0,0.145833333333333,21.2,73.8,2252,阴,PID,30.200000000000003,73.0,13.0,212.0,24.9,33.45,0.0,0.0,0.0,0.0,3.0,1005.45,1003.1500000000001,96.5,0.0,94.0,72.5,0.245,1.155,42.1,212.0,23.2,37.45,209.0,29.15,27.45,25.0,20.3,0.3325,0.352,0.407,0.364,225.0,14.4,225.0,1236.25,1272.15,231.9,15.050000000000002,218.3,13.599999999999998,231.9
2024-07-20 04:00:00,45493.0,0.166666666666667,21.5,74.5,2315,阴,PID,30.1,74.0,0.0,208.0,25.1,33.6,0.0,0.0,0.0,0.0,3.0,1005.4,1003.1,93.0,0.0,88.0,45.0,0.23,1.09,41.0,213.0,22.4,36.6,210.0,29.1,27.5,25.0,20.3,0.332,0.352,0.407,0.364,208.0,0.0,208.0,1278.0,1296.6,211.0,0.0,211.0,0.0,211.0
2024-07-20 04:30:00,45493.0,0.1875,21.9,75.2,2337,阴,PID,30.85,73.0,105.49999999999999,250.5,25.55,34.8,0.0,0.0,0.0,0.0,3.0,1005.0999999999999,1002.85,96.5,0.0,94.0,39.5,0.32,1.185,40.5,211.0,21.5,33.35,208.5,29.450000000000003,27.55,25.0,20.3,0.3315,0.3515,0.407,0.364,356.0,108.2,356.0,1284.65,1285.3,354.15,106.75,250.05,104.1,354.15
2024-07-20 05:00:00,45493.0,0.208333333333333,22.2,75.9,2299,阴,PID,31.6,72.0,211.0,293.0,26.0,36.0,0.0,0.0,0.0,0.0,3.0,1004.8,1002.6,100.0,0.0,100.0,34.0,0.41,1.28,40.0,209.0,20.6,30.1,207.0,29.8,27.6,25.0,20.3,0.331,0.351,0.407,0.364,504.0,216.4,504.0,1291.3,1274.0,497.3,213.5,289.1,208.2,497.3
2024-07-20 05:30:00,45493.0,0.229166666666667,22.5,76.4,2286,阴,PID,31.85,73.0,151.0,301.0,26.4,36.65,0.0,0.0,0.0,0.0,3.0,1004.5999999999999,1002.4000000000001,100.0,3.0,100.0,62.0,0.375,1.27,38.35,213.5,19.6,28.35,211.5,29.950000000000003,27.65,25.0,20.3,0.3305,0.3505,0.4065,0.364,452.0,157.05,452.0,1262.3500000000001,1227.75,440.25,153.55,292.55,147.7,440.25
2024-07-20 06:00:00,45493.0,0.25,22.8,77.0,2433,阴,PID,32.1,74.0,91.0,309.0,26.8,37.3,0.0,0.0,0.0,0.0,3.0,1004.4,1002.2,100.0,6.0,100.0,90.0,0.34,1.26,36.7,218.0,18.6,26.6,216.0,30.1,27.7,25.0,20.3,0.33,0.35,0.406,0.364,400.0,97.7,400.0,1233.4,1181.5,383.2,93.6,296.0,87.2,383.2
2024-07-20 06:30:00,45493.0,0.270833333333333,23.2,77.4,2578,阴,PID,32.05,74.0,73.0,282.5,26.8,37.349999999999994,0.0,0.0,0.0,0.0,3.0,1004.25,1002.05,100.0,3.5,99.0,95.0,0.31,1.24,34.75,216.0,18.1,26.4,213.5,30.15,27.75,25.0,20.3,0.3295,0.35,0.406,0.364,355.5,81.7,355.5,1170.8500000000001,1103.35,335.45,77.19999999999999,266.4,69.05,335.45
2024-07-20 07:00:00,45493.0,0.291666666666667,23.5,77.8,2542,阴,PID,32.0,74.0,55.0,256.0,26.8,37.4,0.0,0.0,0.0,0.0,3.0,1004.1,1001.9,100.0,1.0,98.0,100.0,0.28,1.22,32.8,214.0,17.6,26.2,211.0,30.2,27.8,25.0,20.3,0.329,0.35,0.406,0.364,311.0,65.7,311.0,1108.3,1025.2,287.7,60.8,236.8,50.9,287.7
2024-07-20 07:30:00,45493.0,0.3125,23.8,78.1,2550,阴,PID,31.7,74.0,32.5,225.0,26.55,36.9,0.0,0.0,0.0,0.0,3.0,1004.2,1001.95,100.0,0.5,97.0,100.0,0.25,1.2049999999999998,32.05,218.0,17.9,27.75,214.5,30.15,27.85,25.0,20.3,0.3285,0.3495,0.406,0.364,257.5,40.0,257.5,1016.3499999999999,920.55,233.9,36.7,204.0,29.85,233.9
2024-07-20 08:00:00,45493.0,0.333333333333333,24.7,78.5,2338,阴,PID,31.4,74.0,10.0,194.0,26.3,36.4,0.0,0.0,0.0,0.0,3.0,1004.3,1002.0,100.0,0.0,96.0,100.0,0.22,1.19,31.3,222.0,18.2,29.3,218.0,30.1,27.9,25.0,20.3,0.328,0.349,0.406,0.364,204.0,14.3,204.0,924.4,815.9,180.1,12.6,171.2,8.8,180.1
2024-07-20 08:30:00,45493.0,0.354166666666667,25,78.6,2333,阴,PID,30.9,75.0,7.0,143.0,26.05,35.849999999999994,0.0,0.0,0.0,0.0,3.0,1004.3499999999999,1002.05,100.0,0.0,98.0,100.0,0.18,1.105,31.15,222.0,17.05,28.4,218.0,29.85,27.95,25.0,20.3,0.328,0.349,0.406,0.364,150.0,10.95,150.0,809.4,691.8499999999999,129.3,9.4,123.19999999999999,6.050000000000001,129.3
2024-07-20 09:00:00,45493.0,0.375,26,78.8,2244,阴,PID,30.4,76.0,4.0,92.0,25.8,35.3,0.0,0.0,0.0,0.0,3.0,1004.4,1002.1,100.0,0.0,100.0,100.0,0.14,1.02,31.0,222.0,15.9,27.5,218.0,29.6,28.0,25.0,20.3,0.328,0.349,0.406,0.364,96.0,7.6,96.0,694.4,567.8,78.5,6.2,75.2,3.3,78.5
2024-07-20 09:30:00,45493.0,0.395833333333333,26.2,78.7,2350,阴,PID,30.1,76.5,3.0,68.0,25.55,34.7,0.0,0.0,0.0,0.0,3.0,1004.3,1002.0,93.5,0.0,79.5,84.5,0.125,0.995,30.45,213.0,16.7,28.95,208.5,29.35,28.0,25.0,20.3,0.328,0.349,0.4055,0.364,71.0,6.85,71.0,564.1,432.79999999999995,55.05,5.2,52.7,2.3499999999999996,55.05
2024-07-20 10:00:00,45493.0,0.416666666666667,25.7,78.3,2370,阴,PID,29.8,77.0,2.0,44.0,25.3,34.1,0.0,0.0,0.0,0.0,3.0,1004.2,1001.9,87.0,0.0,59.0,69.0,0.11,0.97,29.9,204.0,17.5,30.4,199.0,29.1,28.0,25.0,20.3,0.328,0.349,0.405,0.364,46.0,6.1,46.0,433.8,297.8,31.6,4.2,30.2,1.4,31.6
2024-07-20 10:30:00,45493.0,0.4375,25.8,78.0,2332,阴,PID,29.65,77.0,4.5,40.0,25.1,34.1,0.0,0.0,0.0,0.0,3.0,1004.6500000000001,1002.3499999999999,93.5,0.0,79.5,84.0,0.1,0.965,29.9,207.5,15.85,28.7,203.0,28.9,28.0,25.0,20.3,0.328,0.349,0.405,0.364,44.5,26.6,44.5,297.15,161.05,18.450000000000003,5.0,17.8,1.25,19.05
2024-07-20 11:00:00,45493.0,0.458333333333333,25,77.4,2490,阴,PID,29.5,77.0,7.0,36.0,24.9,34.1,0.0,0.0,0.0,0.0,3.0,1005.1,1002.8,100.0,0.0,100.0,99.0,0.09,0.96,29.9,211.0,14.2,27.0,207.0,28.7,28.0,25.0,20.3,0.328,0.349,0.405,0.364,43.0,47.1,43.0,160.5,24.3,5.3,5.8,5.4,1.1,6.5
2024-07-20 11:30:00,45493.0,0.479166666666667,25,76.9,2576,阴,PID,29.35,78.0,3.5,18.0,25.0,34.05,0.0,0.0,0.0,0.0,2.0,1005.1500000000001,1002.8499999999999,70.5,0.0,69.0,51.5,0.075,0.9099999999999999,27.2,206.0,13.899999999999999,26.45,202.0,28.549999999999997,28.0,25.0,20.3,0.328,0.349,0.405,0.364,21.5,23.55,21.5,81.45,12.15,2.65,2.9,2.7,0.55,3.25
2024-07-20 12:00:00,45493.0,0.5,25.7,76.6,2545,阴,PID,29.2,79.0,0.0,0.0,25.1,34.0,0.0,0.0,0.0,0.0,1.0,1005.2,1002.9,41.0,0.0,38.0,4.0,0.06,0.86,24.5,201.0,13.6,25.9,197.0,28.4,28.0,25.0,20.3,0.328,0.349,0.405,0.364,0.0,0.0,0.0,2.4,0.0,0.0,0.0,0.0,0.0,0.0
2024-07-20 12:30:00,45493.0,0.520833333333333,25.6,76.0,2398,阴,PID,29.049999999999997,80.5,0.0,0.0,25.25,34.15,0.0,0.0,0.0,0.0,1.0,1005.5,1003.2,45.0,0.0,36.5,12.5,0.045,0.7949999999999999,25.75,201.5,12.25,24.6,197.0,28.45,27.9,25.0,20.3,0.325,0.347,0.4035,0.364,0.0,0.0,0.0,1.2,0.0,0.0,0.0,0.0,0.0,0.0
2024-07-20 13:00:00,45493.0,0.541666666666667,26.4,75.6,2309,阴,PID,28.9,82.0,0.0,0.0,25.4,34.3,0.0,0.0,0.0,0.0,1.0,1005.8,1003.5,49.0,0.0,35.0,21.0,0.03,0.73,27.0,202.0,10.9,23.3,197.0,28.5,27.8,25.0,20.3,0.322,0.345,0.402,0.364,0.0,0.0,0.0,0.0,0.0,0.0,0.0,0.0,0.0,0.0
2024-07-20 13:30:00,45493.0,0.5625,26.3,75.0,2227,阴,PID,28.45,83.5,0.0,0.0,25.299999999999997,33.9,0.0,0.0,0.0,0.0,1.0,1006.0999999999999,1003.8,46.0,0.0,34.5,19.5,0.02,0.645,23.05,201.0,10.25,22.35,195.0,28.25,27.8,25.0,20.3,0.3225,0.345,0.402,0.364,0.0,0.0,0.0,0.0,0.0,0.0,0.0,0.0,0.0,0.0
2024-07-20 14:00:00,45493.0,0.583333333333333,25.3,74.0,2338,阴,PID,28.0,85.0,0.0,0.0,25.2,33.5,0.0,0.0,0.0,0.0,1.0,1006.4,1004.1,43.0,0.0,34.0,18.0,0.01,0.56,19.1,200.0,9.6,21.4,193.0,28.0,27.8,25.0,20.3,0.323,0.345,0.402,0.364,0.0,0.0,0.0,0.0,0.0,0.0,0.0,0.0,0.0,0.0
2024-07-20 14:30:00,45493.0,0.604166666666667,25.1,73.3,2364,阴,PID,27.85,83.0,0.0,0.0,24.7,32.7,0.0,0.0,0.0,0.0,1.0,1006.15,1003.85,44.5,0.0,24.0,30.0,0.025,0.63,21.6,195.0,11.85,24.6,188.0,27.85,27.75,25.0,20.3,0.323,0.345,0.402,0.364,0.0,0.0,0.0,0.0,0.0,0.0,0.0,0.0,0.0,0.0
2024-07-20 15:00:00,45493.0,0.625,23.8,72.2,2221,阴,PID,27.7,81.0,0.0,0.0,24.2,31.9,0.0,0.0,0.0,0.0,1.0,1005.9,1003.6,46.0,0.0,14.0,42.0,0.04,0.7,24.1,190.0,14.1,27.8,183.0,27.7,27.7,25.0,20.3,0.323,0.345,0.402,0.364,0.0,0.0,0.0,0.0,0.0,0.0,0.0,0.0,0.0,0.0
2024-07-20 15:30:00,45493.0,0.645833333333333,23.5,71.5,2292,阴,PID,27.5,79.5,0.0,0.0,23.65,31.65,0.0,0.0,0.0,0.0,1.0,1005.95,1003.6500000000001,35.5,0.0,19.0,21.0,0.035,0.75,24.1,197.5,12.0,25.6,191.0,27.5,27.7,25.0,20.3,0.323,0.345,0.4015,0.3645,0.0,0.0,0.0,0.0,0.0,0.0,0.0,0.0,0.0,0.0
2024-07-20 16:00:00,45493.0,0.666666666666667,23.2,70.8,2298,阴,PID,27.3,78.0,0.0,0.0,23.1,31.4,0.0,0.0,0.0,0.0,1.0,1006.0,1003.7,25.0,0.0,24.0,0.0,0.03,0.8,24.1,205.0,9.9,23.4,199.0,27.3,27.7,25.0,20.3,0.323,0.345,0.401,0.365,0.0,0.0,0.0,0.0,0.0,0.0,0.0,0.0,0.0,0.0
2024-07-20 16:30:00,45493.0,0.6875,22.9,70.1,2352,阴,PID,27.200000000000003,77.5,0.0,0.0,22.950000000000003,31.15,0.0,0.0,0.0,0.0,1.5,1005.8,1003.5,38.5,0.0,20.5,21.0,0.03,0.805,21.25,208.0,10.15,23.9,199.5,27.15,27.65,25.05,20.3,0.323,0.345,0.401,0.365,0.0,0.0,0.0,0.0,0.0,0.0,0.0,0.0,0.0,0.0
2024-07-20 17:00:00,45493.0,0.708333333333333,22.6,69.5,2405,阴,PID,27.1,77.0,0.0,0.0,22.8,30.9,0.0,0.0,0.0,0.0,2.0,1005.6,1003.3,52.0,0.0,17.0,42.0,0.03,0.81,18.4,211.0,10.4,24.4,200.0,27.0,27.6,25.1,20.3,0.323,0.345,0.401,0.365,0.0,0.0,0.0,0.0,0.0,0.0,0.0,0.0,0.0,0.0
2024-07-20 17:30:00,45493.0,0.729166666666667,22.2,68.9,2475,阴,PID,26.9,77.5,0.0,0.0,22.700000000000003,30.85,0.0,0.0,0.0,0.0,2.0,1005.7,1003.4,65.5,0.0,32.0,51.5,0.025,0.79,18.549999999999997,209.5,9.3,23.0,197.5,26.9,27.55,25.1,20.3,0.323,0.345,0.401,0.365,0.0,0.0,0.0,0.0,0.0,0.0,0.0,0.0,0.0,0.0
2024-07-20 18:00:00,45493.0,0.75,22.6,68.6,2536,阴,PID,26.7,78.0,0.0,0.0,22.6,30.8,0.0,0.0,0.0,0.0,2.0,1005.8,1003.5,79.0,0.0,47.0,61.0,0.02,0.77,18.7,208.0,8.2,21.6,195.0,26.8,27.5,25.1,20.3,0.323,0.345,0.401,0.365,0.0,0.0,0.0,0.0,0.0,0.0,0.0,0.0,0.0,0.0
2024-07-20 18:30:00,45493.0,0.770833333333333,22.3,68.2,2438,阴,PID,26.65,77.5,0.0,0.0,22.450000000000003,30.6,0.0,0.0,0.0,0.0,2.0,1005.65,1003.35,75.0,0.0,57.0,36.5,0.025,0.78,16.75,205.5,8.8,21.200000000000003,189.5,26.65,27.45,25.1,20.3,0.3235,0.345,0.401,0.365,0.0,0.0,0.0,0.0,0.0,0.0,0.0,0.0,0.0,0.0
2024-07-20 19:00:00,45493.0,0.791666666666667,22.6,68.1,2386,阴,PID,26.6,77.0,0.0,0.0,22.3,30.4,0.0,0.0,0.0,0.0,2.0,1005.5,1003.2,71.0,0.0,67.0,12.0,0.03,0.79,14.8,203.0,9.4,20.8,184.0,26.5,27.4,25.1,20.3,0.324,0.345,0.401,0.365,0.0,0.0,0.0,0.0,0.0,0.0,0.0,0.0,0.0,0.0
2024-07-20 19:30:00,45493.0,0.8125,22.3,67.8,2285,阴,PID,26.75,76.0,0.0,0.0,22.200000000000003,30.45,0.0,0.0,0.0,0.0,1.0,1005.45,1003.1500000000001,39.5,0.0,37.5,6.0,0.03,0.8400000000000001,18.200000000000003,206.5,9.600000000000001,22.4,194.0,26.45,27.299999999999997,25.1,20.3,0.324,0.345,0.401,0.365,0.0,0.0,0.0,0.0,0.0,0.0,0.0,0.0,0.0,0.0
2024-07-20 20:00:00,45493.0,0.833333333333333,21.4,67.5,2261,阴,PID,26.9,75.0,0.0,0.0,22.1,30.5,0.0,0.0,0.0,0.0,0.0,1005.4,1003.1,8.0,0.0,8.0,0.0,0.03,0.89,21.6,210.0,9.8,24.0,204.0,26.4,27.2,25.1,20.3,0.324,0.345,0.401,0.365,0.0,0.0,0.0,0.0,0.0,0.0,0.0,0.0,0.0,0.0
2024-07-20 20:30:00,45493.0,0.854166666666667,21.2,67.5,2385,阴,PID,26.799999999999997,76.0,0.0,0.0,22.25,30.35,0.0,0.0,0.0,0.0,0.0,1005.45,1003.1500000000001,7.0,0.0,7.0,0.0,0.03,0.8400000000000001,20.35,207.5,10.350000000000001,24.3,200.5,26.35,27.15,25.1,20.3,0.324,0.345,0.401,0.365,0.0,0.0,0.0,0.0,0.0,0.0,0.0,0.0,0.0,0.0
2024-07-20 21:00:00,45493.0,0.875,20.3,67.3,2253,阴,PID,26.7,77.0,0.0,0.0,22.4,30.2,0.0,0.0,0.0,0.0,0.0,1005.5,1003.2,6.0,0.0,6.0,0.0,0.03,0.79,19.1,205.0,10.9,24.6,197.0,26.3,27.1,25.1,20.3,0.324,0.345,0.401,0.365,0.0,0.0,0.0,0.0,0.0,0.0,0.0,0.0,0.0,0.0
2024-07-20 21:30:00,45493.0,0.895833333333333,20.2,67.5,2318,阴,PID,26.75,78.5,2.5,7.5,22.75,30.549999999999997,0.0,0.0,0.0,0.0,0.0,1005.7,1003.4000000000001,9.0,0.0,8.5,0.5,0.04,0.745,19.1,201.5,10.45,23.65,195.0,26.25,27.05,25.1,20.35,0.324,0.3445,0.401,0.365,10.0,22.8,10.0,43.5,97.15,13.399999999999999,30.5,16.75,5.6,22.35
2024-07-20 22:00:00,45493.0,0.916666666666667,20.1,67.7,2287,阴,PID,26.8,80.0,5.0,15.0,23.1,30.9,0.0,0.0,0.0,0.0,0.0,1005.9,1003.6,12.0,0.0,11.0,1.0,0.05,0.7,19.1,198.0,10.0,22.7,193.0,26.2,27.0,25.1,20.4,0.324,0.344,0.401,0.365,20.0,45.6,20.0,87.0,194.3,26.8,61.0,33.5,11.2,44.7
2024-07-20 22:30:00,45493.0,0.9375,20,68.1,2235,阴,PID,27.450000000000003,80.5,35.5,42.5,23.8,31.9,0.0,0.0,0.0,0.0,0.5,1005.9,1003.6,29.5,0.0,8.5,22.5,0.08,0.71,19.1,193.5,10.45,22.65,182.5,26.45,26.95,25.1,20.4,0.324,0.344,0.401,0.365,78.0,154.65,78.0,209.25,331.1,109.35,216.6,66.15,52.14999999999999,118.3
2024-07-20 23:00:00,45493.0,0.958333333333333,20,68.5,2143,阴,PID,28.1,81.0,66.0,70.0,24.5,32.9,0.0,0.0,0.0,0.0,1.0,1005.9,1003.6,47.0,0.0,6.0,44.0,0.11,0.72,19.1,189.0,10.9,22.6,172.0,26.7,26.9,25.1,20.4,0.324,0.344,0.401,0.365,136.0,263.7,136.0,331.5,467.9,191.9,372.2,98.8,93.1,191.9
2024-07-20 23:30:00,45493.0,0.979166666666667,20,69.0,2236,阴,PID,28.950000000000003,80.5,118.5,92.0,25.2,34.349999999999994,0.0,0.0,0.0,0.0,0.5,1006.15,1003.85,24.5,0.0,4.0,22.0,0.165,0.78,18.75,187.0,10.0,21.25,172.5,27.2,26.9,25.1,20.4,0.3235,0.344,0.4005,0.365,210.5,320.9,210.5,465.25,597.0999999999999,268.7,415.35,118.5,150.2,268.7
2024-07-21 00:00:00,45494.0,0.0,20.1,70.3,2235,阴~多云,PID,29.8,80.0,171.0,114.0,25.9,35.8,0.0,0.0,0.0,0.0,0.0,1006.4,1004.1,2.0,0.0,2.0,0.0,0.22,0.84,18.4,185.0,9.1,19.9,173.0,27.7,26.9,25.1,20.4,0.323,0.344,0.4,0.365,285.0,378.1,285.0,599.0,726.3,345.5,458.5,138.2,207.3,345.5
2024-07-21 00:30:00,45494.0,0.0208333333333333,20.2,71.0,2291,阴~多云,PID,30.950000000000003,77.0,273.5,126.0,26.4,37.2,0.0,0.0,0.0,0.0,0.0,1006.3499999999999,1004.1,1.0,0.0,1.0,0.0,0.31,1.045,19.799999999999997,184.5,9.95,17.35,177.5,28.9,27.0,25.1,20.4,0.3215,0.34299999999999997,0.3995,0.365,399.5,484.65000000000003,399.5,720.75,839.15,463.15,563.25,147.05,316.1,463.15
2024-07-21 01:00:00,45494.0,0.0416666666666667,20.5,71.8,2195,阴~多云,PID,32.1,74.0,376.0,138.0,26.9,38.6,0.0,0.0,0.0,0.0,0.0,1006.3,1004.1,0.0,0.0,0.0,0.0,0.4,1.25,21.2,184.0,10.8,14.8,182.0,30.1,27.1,25.1,20.4,0.32,0.342,0.399,0.365,514.0,591.2,514.0,842.5,952.0,580.8,668.0,155.9,424.9,580.8
2024-07-21 01:30:00,45494.0,0.0625,20.7,72.5,2230,阴~多云,PID,32.8,70.5,449.5,147.5,26.75,39.3,0.0,0.0,0.0,0.0,0.0,1006.25,1004.05,0.0,0.0,0.0,0.0,0.47000000000000003,1.465,23.9,191.5,12.4,16.75,190.0,30.55,27.200000000000003,25.1,20.4,0.3195,0.3415,0.399,0.365,597.0,627.0,597.0,943.9,1040.75,657.8,692.1,162.8,495.0,657.8
2024-07-21 02:00:00,45494.0,0.0833333333333333,21,73.3,2233,阴~多云,PID,33.5,67.0,523.0,157.0,26.6,40.0,0.0,0.0,0.0,0.0,0.0,1006.2,1004.0,0.0,0.0,0.0,0.0,0.54,1.68,26.6,199.0,14.0,18.7,198.0,31.0,27.3,25.1,20.4,0.319,0.341,0.399,0.365,680.0,662.8,680.0,1045.3,1129.5,734.8,716.2,169.7,565.1,734.8
2024-07-21 02:30:00,45494.0,0.104166666666667,21.3,74.0,2268,阴~多云,PID,33.9,65.5,579.0,163.0,26.55,40.4,0.0,0.0,0.0,0.0,0.0,1006.1,1003.9,0.0,0.0,0.0,0.0,0.5900000000000001,1.805,29.5,204.5,15.85,21.2,203.5,31.4,27.450000000000003,25.1,20.4,0.3175,0.3405,0.3985,0.365,742.0,683.8,742.0,1119.4499999999998,1188.1499999999999,787.3499999999999,726.2,173.1,614.2,787.3499999999999
2024-07-21 03:00:00,45494.0,0.125,21.6,74.7,2324,阴~多云,PID,34.3,64.0,635.0,169.0,26.5,40.8,0.0,0.0,0.0,0.0,0.0,1006.0,1003.8,0.0,0.0,0.0,0.0,0.64,1.93,32.4,210.0,17.7,23.7,209.0,31.8,27.6,25.1,20.4,0.316,0.34,0.398,0.365,804.0,704.8,804.0,1193.6,1246.8,839.9,736.2,176.5,663.3,839.9
2024-07-21 03:30:00,45494.0,0.145833333333333,21.9,75.3,2234,阴~多云,PID,34.55,62.5,667.5,171.5,26.4,40.95,0.0,0.0,0.0,0.0,0.0,1005.65,1003.45,5.0,3.0,2.5,1.5,0.6699999999999999,2.04,34.2,213.5,18.75,25.35,213.0,32.2,27.700000000000003,25.1,20.4,0.3145,0.3395,0.398,0.365,839.0,715.4,839.0,1235.4,1271.35,863.3499999999999,736.4000000000001,176.5,686.75,863.3499999999999
2024-07-21 04:00:00,45494.0,0.166666666666667,22.2,75.9,2256,阴~多云,PID,34.8,61.0,700.0,174.0,26.3,41.1,0.0,0.0,0.0,0.0,0.0,1005.3,1003.1,10.0,6.0,5.0,3.0,0.7,2.15,36.0,217.0,19.8,27.0,217.0,32.6,27.8,25.1,20.4,0.313,0.339,0.398,0.365,874.0,726.0,874.0,1277.2,1295.9,886.8,736.6,176.5,710.2,886.8
2024-07-21 04:30:00,45494.0,0.1875,22.6,76.5,2249,阴~多云,PID,34.95,60.5,685.5,179.0,26.15,41.1,0.0,0.0,0.0,0.0,0.5,1005.0999999999999,1002.9000000000001,17.5,6.0,8.5,7.0,0.7,2.215,36.2,221.5,19.85,26.85,221.0,32.8,27.950000000000003,25.1,20.4,0.312,0.3385,0.398,0.365,864.5,707.4,864.5,1283.8999999999999,1284.6,865.2,708.1,179.0,686.1,865.2
2024-07-21 05:00:00,45494.0,0.208333333333333,22.9,77.0,2311,阴~多云,PID,35.1,60.0,671.0,184.0,26.0,41.1,0.0,0.0,0.0,0.0,1.0,1004.9,1002.7,25.0,6.0,12.0,11.0,0.7,2.28,36.4,226.0,19.9,26.7,225.0,33.0,28.1,25.1,20.4,0.311,0.338,0.398,0.365,855.0,688.8,855.0,1290.6,1273.3,843.6,679.6,181.5,662.0,843.6
2024-07-21 05:30:00,45494.0,0.229166666666667,23.2,77.4,2294,阴~多云,PID,35.150000000000006,59.5,616.0,196.5,26.0,41.1,0.0,0.0,0.0,0.0,1.5,1004.75,1002.55,41.0,5.0,9.0,32.0,0.675,2.295,35.849999999999994,225.0,19.0,25.85,224.5,33.1,28.25,25.1,20.4,0.3095,0.337,0.3975,0.365,812.5,645.8499999999999,812.5,1261.6,1227.0,790.5500000000001,628.55,190.85,599.7,790.5500000000001
2024-07-21 06:00:00,45494.0,0.25,23.5,77.7,2544,阴~多云,PID,35.2,59.0,561.0,209.0,26.0,41.1,0.0,0.0,0.0,0.0,2.0,1004.6,1002.4,57.0,4.0,6.0,53.0,0.65,2.31,35.3,224.0,18.1,25.0,224.0,33.2,28.4,25.1,20.4,0.308,0.336,0.397,0.365,770.0,602.9,770.0,1232.6,1180.7,737.5,577.5,200.2,537.4,737.5
2024-07-21 06:30:00,45494.0,0.270833333333333,23.8,77.9,2498,阴~多云,PID,35.2,59.0,485.0,218.5,25.95,40.8,0.0,0.0,0.0,0.0,2.5,1004.3,1002.0999999999999,77.5,4.0,6.5,75.5,0.605,2.335,33.849999999999994,221.5,17.5,24.3,221.0,33.2,28.549999999999997,25.1,20.4,0.307,0.3355,0.397,0.365,703.5,546.1,703.5,1170.0,1102.5,663.35,515.05,205.55,457.85,663.35
2024-07-21 07:00:00,45494.0,0.291666666666667,24.1,78.0,2476,阴~多云,PID,35.2,59.0,409.0,228.0,25.9,40.5,0.0,0.0,0.0,0.0,3.0,1004.0,1001.8,98.0,4.0,7.0,98.0,0.56,2.36,32.4,219.0,16.9,23.6,218.0,33.2,28.7,25.1,20.4,0.306,0.335,0.397,0.365,637.0,489.3,637.0,1107.4,1024.3,589.2,452.6,210.9,378.3,589.2
2024-07-21 07:30:00,45494.0,0.3125,24.3,78.0,2554,阴~多云,PID,34.95,60.5,348.0,216.5,26.2,40.45,0.0,0.0,0.0,0.0,3.0,1003.8,1001.5999999999999,96.0,4.0,8.5,96.0,0.5,2.2199999999999998,30.95,219.0,15.5,22.15,218.0,33.1,28.799999999999997,25.1,20.4,0.3055,0.3345,0.397,0.365,564.5,450.55,564.5,1015.35,919.5,511.65000000000003,407.95000000000005,195.9,315.75,511.65000000000003
2024-07-21 08:00:00,45494.0,0.333333333333333,25.3,78.2,2364,阴~多云,PID,34.7,62.0,287.0,205.0,26.5,40.4,0.0,0.0,0.0,0.0,3.0,1003.6,1001.4,94.0,4.0,10.0,94.0,0.44,2.08,29.5,219.0,14.1,20.7,218.0,33.0,28.9,25.1,20.4,0.305,0.334,0.397,0.365,492.0,411.8,492.0,923.3,814.7,434.1,363.3,180.9,253.2,434.1
2024-07-21 08:30:00,45494.0,0.354166666666667,25.4,78.0,2342,阴~多云,PID,34.5,64.5,258.5,174.5,26.85,40.5,0.0,0.0,0.0,0.0,3.0,1003.5,1001.3,89.0,2.5,9.0,88.5,0.39,1.94,26.8,212.0,13.5,20.65,210.5,32.85,29.0,25.1,20.4,0.3045,0.334,0.3965,0.365,433.0,425.75,433.0,808.15,690.5,369.85,361.25,149.3,220.55,369.85
2024-07-21 09:00:00,45494.0,0.375,26.1,77.9,2214,阴~多云,PID,34.3,67.0,230.0,144.0,27.2,40.6,0.0,0.0,0.0,0.0,3.0,1003.4,1001.2,84.0,1.0,8.0,83.0,0.34,1.8,24.1,205.0,12.9,20.6,203.0,32.7,29.1,25.1,20.4,0.304,0.334,0.396,0.365,374.0,439.7,374.0,693.0,566.3,305.6,359.2,117.7,187.9,305.6
2024-07-21 09:30:00,45494.0,0.395833333333333,26.1,77.6,2340,阴~多云,PID,33.75,70.0,165.0,114.5,27.4,40.5,0.0,0.0,0.0,0.0,1.5,1003.3,1001.1,46.0,0.5,6.5,43.0,0.26,1.5899999999999999,22.85,201.5,11.2,19.75,197.0,32.400000000000006,29.15,25.15,20.4,0.3035,0.3335,0.396,0.365,279.5,373.15,279.5,562.55,431.09999999999997,216.15,284.55,87.95,128.2,216.15
2024-07-21 10:00:00,45494.0,0.416666666666667,25.3,76.9,2303,阴~多云,PID,33.2,73.0,100.0,85.0,27.6,40.4,0.0,0.0,0.0,0.0,0.0,1003.2,1001.0,8.0,0.0,5.0,3.0,0.18,1.38,21.6,198.0,9.5,18.9,191.0,32.1,29.2,25.2,20.4,0.303,0.333,0.396,0.365,185.0,306.6,185.0,432.1,295.9,126.7,209.9,58.2,68.5,126.7
2024-07-21 10:30:00,45494.0,0.4375,25.3,76.4,2261,阴~多云,PID,32.45,75.0,60.0,59.0,27.450000000000003,39.65,0.0,0.0,0.0,0.0,1.5,1003.4000000000001,1001.2,49.0,0.0,4.5,46.5,0.125,1.22,18.9,197.5,8.75,19.049999999999997,189.5,31.700000000000003,29.25,25.2,20.4,0.303,0.333,0.396,0.365,119.0,220.95000000000002,119.0,295.25,158.95,66.30000000000001,112.55,31.400000000000006,35.65,67.0
2024-07-21 11:00:00,45494.0,0.458333333333333,24.7,75.6,2438,阴~多云,PID,31.7,77.0,20.0,33.0,27.3,38.9,0.0,0.0,0.0,0.0,3.0,1003.6,1001.4,90.0,0.0,4.0,90.0,0.07,1.06,16.2,197.0,8.0,19.2,188.0,31.3,29.3,25.2,20.4,0.303,0.333,0.396,0.365,53.0,135.3,53.0,158.4,22.0,5.9,15.2,4.6,2.8,7.3
2024-07-21 11:30:00,45494.0,0.479166666666667,24.6,75.0,2506,阴~多云,PID,31.35,78.5,10.0,16.5,27.200000000000003,38.349999999999994,0.0,0.0,0.0,0.0,2.0,1003.8,1001.55,58.0,0.0,3.5,56.5,0.05500000000000001,0.9850000000000001,15.85,192.0,8.5,19.95,181.5,30.950000000000003,29.3,25.2,20.4,0.3035,0.333,0.396,0.365,26.5,67.65,26.5,79.85000000000001,11.0,2.95,7.6,2.3,1.4,3.6499999999999995
2024-07-21 12:00:00,45494.0,0.5,25,74.5,2457,阴~多云,PID,31.0,80.0,0.0,0.0,27.1,37.8,0.0,0.0,0.0,0.0,1.0,1004.0,1001.7,26.0,0.0,3.0,23.0,0.04,0.91,15.5,187.0,9.0,20.7,175.0,30.6,29.3,25.2,20.4,0.304,0.333,0.396,0.365,0.0,0.0,0.0,1.3,0.0,0.0,0.0,0.0,0.0,0.0
2024-07-21 12:30:00,45494.0,0.520833333333333,24.9,73.8,2374,阴~多云,PID,31.0,79.5,0.0,0.0,27.05,37.9,0.0,0.0,0.0,0.0,1.5,1004.35,1002.05,52.0,0.0,3.0,50.0,0.03,0.92,15.15,184.0,8.15,19.549999999999997,173.0,30.85,29.3,25.2,20.4,0.3025,0.3325,0.3955,0.365,0.0,0.0,0.0,0.65,0.0,0.0,0.0,0.0,0.0,0.0
2024-07-21 13:00:00,45494.0,0.541666666666667,25.2,73.2,2305,阴~多云,PID,31.0,79.0,0.0,0.0,27.0,38.0,0.0,0.0,0.0,0.0,2.0,1004.7,1002.4,78.0,0.0,3.0,77.0,0.02,0.93,14.8,181.0,7.3,18.4,171.0,31.1,29.3,25.2,20.4,0.301,0.332,0.395,0.365,0.0,0.0,0.0,0.0,0.0,0.0,0.0,0.0,0.0,0.0
2024-07-21 13:30:00,45494.0,0.5625,24.9,72.4,2218,阴~多云,PID,30.75,80.0,0.0,0.0,26.95,37.65,0.0,0.0,0.0,0.0,2.5,1004.75,1002.45,89.0,0.0,2.5,88.5,0.02,0.88,14.4,187.0,7.800000000000001,19.7,176.5,30.700000000000003,29.3,25.2,20.4,0.3015,0.332,0.395,0.365,0.0,0.0,0.0,0.0,0.0,0.0,0.0,0.0,0.0,0.0
2024-07-21 14:00:00,45494.0,0.583333333333333,24,71.5,2355,阴~多云,PID,30.5,81.0,0.0,0.0,26.9,37.3,0.0,0.0,0.0,0.0,3.0,1004.8,1002.5,100.0,0.0,2.0,100.0,0.02,0.83,14.0,193.0,8.3,21.0,182.0,30.3,29.3,25.2,20.4,0.302,0.332,0.395,0.365,0.0,0.0,0.0,0.0,0.0,0.0,0.0,0.0,0.0,0.0
2024-07-21 14:30:00,45494.0,0.604166666666667,23.7,70.8,2413,阴~多云,PID,30.35,81.5,0.0,0.0,26.799999999999997,37.15,0.0,0.0,0.0,0.0,3.0,1004.9,1002.6,99.5,0.0,2.0,99.5,0.02,0.8049999999999999,14.2,193.5,7.95,20.15,181.0,30.05,29.25,25.2,20.4,0.302,0.332,0.395,0.365,0.0,0.0,0.0,0.0,0.0,0.0,0.0,0.0,0.0,0.0
2024-07-21 15:00:00,45494.0,0.625,22.8,69.9,2286,阴~多云,PID,30.2,82.0,0.0,0.0,26.7,37.0,0.0,0.0,0.0,0.0,3.0,1005.0,1002.7,99.0,0.0,2.0,99.0,0.02,0.78,14.4,194.0,7.6,19.3,180.0,29.8,29.2,25.2,20.4,0.302,0.332,0.395,0.365,0.0,0.0,0.0,0.0,0.0,0.0,0.0,0.0,0.0,0.0
2024-07-21 15:30:00,45494.0,0.645833333333333,22.5,69.3,2319,阴~多云,PID,29.95,82.5,0.0,0.0,26.6,36.6,0.0,0.0,0.0,0.0,3.0,1004.85,1002.55,99.0,0.0,1.5,99.0,0.02,0.745,14.75,182.0,8.399999999999999,20.25,169.5,29.6,29.2,25.2,20.4,0.302,0.3315,0.395,0.365,0.0,0.0,0.0,0.0,0.0,0.0,0.0,0.0,0.0,0.0
2024-07-21 16:00:00,45494.0,0.666666666666667,22.2,68.8,2275,阴~多云,PID,29.7,83.0,0.0,0.0,26.5,36.2,0.0,0.0,0.0,0.0,3.0,1004.7,1002.4,99.0,0.0,1.0,99.0,0.02,0.71,15.1,170.0,9.2,21.2,159.0,29.4,29.2,25.2,20.4,0.302,0.331,0.395,0.365,0.0,0.0,0.0,0.0,0.0,0.0,0.0,0.0,0.0,0.0
2024-07-21 16:30:00,45494.0,0.6875,21.8,68.2,2294,阴~多云,PID,29.65,82.0,0.0,0.0,26.25,35.900000000000006,0.0,0.0,0.0,0.0,3.0,1004.45,1002.15,98.0,0.0,1.0,98.0,0.02,0.75,16.2,176.0,9.45,22.299999999999997,167.5,29.25,29.15,25.25,20.4,0.302,0.331,0.395,0.365,0.0,0.0,0.0,0.0,0.0,0.0,0.0,0.0,0.0,0.0
2024-07-21 17:00:00,45494.0,0.708333333333333,21.5,67.8,2418,阴~多云,PID,29.6,81.0,0.0,0.0,26.0,35.6,0.0,0.0,0.0,0.0,3.0,1004.2,1001.9,97.0,0.0,1.0,97.0,0.02,0.79,17.3,182.0,9.7,23.4,176.0,29.1,29.1,25.3,20.4,0.302,0.331,0.395,0.365,0.0,0.0,0.0,0.0,0.0,0.0,0.0,0.0,0.0,0.0
2024-07-21 17:30:00,45494.0,0.729166666666667,21.2,67.4,2442,阴~多云,PID,29.35,82.0,0.0,0.0,26.0,35.5,0.0,0.0,0.0,0.0,2.5,1003.7,1001.4,79.0,0.0,0.5,79.0,0.015,0.73,16.950000000000003,187.0,8.649999999999999,21.45,178.0,28.950000000000003,29.05,25.3,20.4,0.3025,0.331,0.395,0.365,0.0,0.0,0.0,0.0,0.0,0.0,0.0,0.0,0.0,0.0
2024-07-21 18:00:00,45494.0,0.75,21.7,67.4,2547,阴~多云,PID,29.1,83.0,0.0,0.0,26.0,35.4,0.0,0.0,0.0,0.0,2.0,1003.2,1000.9,61.0,0.0,0.0,61.0,0.01,0.67,16.6,192.0,7.6,19.5,180.0,28.8,29.0,25.3,20.4,0.303,0.331,0.395,0.365,0.0,0.0,0.0,0.0,0.0,0.0,0.0,0.0,0.0,0.0
2024-07-21 18:30:00,45494.0,0.770833333333333,21.5,67.3,2478,阴~多云,PID,28.85,84.0,0.0,0.0,25.9,35.099999999999994,0.0,0.0,0.0,0.0,1.5,1003.0,1000.7,51.5,0.0,0.0,51.5,0.01,0.625,14.8,186.5,7.55,18.75,171.5,28.65,28.95,25.3,20.4,0.303,0.331,0.395,0.365,0.0,0.0,0.0,0.0,0.0,0.0,0.0,0.0,0.0,0.0
2024-07-21 19:00:00,45494.0,0.791666666666667,21.7,67.3,2170,阴~多云,PID,28.6,85.0,0.0,0.0,25.8,34.8,0.0,0.0,0.0,0.0,1.0,1002.8,1000.5,42.0,0.0,0.0,42.0,0.01,0.58,13.0,181.0,7.5,18.0,163.0,28.5,28.9,25.3,20.4,0.303,0.331,0.395,0.365,0.0,0.0,0.0,0.0,0.0,0.0,0.0,0.0,0.0,0.0
2024-07-21 19:30:00,45494.0,0.8125,21.5,67.3,2206,阴~多云,PID,28.450000000000003,85.5,0.0,0.0,25.700000000000003,34.5,0.0,0.0,0.0,0.0,2.0,1003.0,1000.7,70.5,0.0,0.0,70.5,0.01,0.565,13.5,180.0,8.05,18.7,164.0,28.4,28.85,25.3,20.4,0.303,0.331,0.395,0.365,0.0,0.0,0.0,0.0,0.0,0.0,0.0,0.0,0.0,0.0
2024-07-21 20:00:00,45494.0,0.833333333333333,20.5,67.2,2297,阴~多云,PID,28.3,86.0,0.0,0.0,25.6,34.2,0.0,0.0,0.0,0.0,3.0,1003.2,1000.9,99.0,0.0,0.0,99.0,0.01,0.55,14.0,179.0,8.6,19.4,165.0,28.3,28.8,25.3,20.4,0.303,0.331,0.395,0.365,0.0,0.0,0.0,0.0,0.0,0.0,0.0,0.0,0.0,0.0
2024-07-21 20:30:00,45494.0,0.854166666666667,20.4,67.5,2297,阴~多云,PID,28.4,85.0,0.0,0.0,25.6,34.1,0.0,0.0,0.0,0.0,3.0,1003.1500000000001,1000.8499999999999,99.5,0.0,0.0,99.5,0.015,0.5800000000000001,16.35,185.5,9.7,21.65,174.5,28.200000000000003,28.75,25.3,20.45,0.3035,0.331,0.395,0.365,0.0,0.0,0.0,0.0,0.0,0.0,0.0,0.0,0.0,0.0
2024-07-21 21:00:00,45494.0,0.875,19.8,67.6,2266,阴~多云,PID,28.5,84.0,0.0,0.0,25.6,34.0,0.0,0.0,0.0,0.0,3.0,1003.1,1000.8,100.0,0.0,0.0,100.0,0.02,0.61,18.7,192.0,10.8,23.9,184.0,28.1,28.7,25.3,20.5,0.304,0.331,0.395,0.365,0.0,0.0,0.0,0.0,0.0,0.0,0.0,0.0,0.0,0.0
2024-07-21 21:30:00,45494.0,0.895833333333333,19.8,68.0,2266,阴~多云,PID,28.65,83.5,0.0,8.5,25.6,34.3,0.0,0.0,0.0,0.0,3.0,1003.4000000000001,1001.0999999999999,100.0,0.0,0.0,100.0,0.03,0.64,18.549999999999997,198.5,10.05,22.65,190.0,28.1,28.65,25.3,20.5,0.304,0.331,0.395,0.365,8.5,0.0,8.5,42.85,95.9,11.3,0.0,19.0,0.0,19.0
2024-07-21 22:00:00,45494.0,0.916666666666667,19.8,68.5,2242,阴~多云,PID,28.8,83.0,0.0,17.0,25.6,34.6,0.0,0.0,0.0,0.0,3.0,1003.7,1001.4,100.0,0.0,0.0,100.0,0.04,0.67,18.4,205.0,9.3,21.4,196.0,28.1,28.6,25.3,20.5,0.304,0.331,0.395,0.365,17.0,0.0,17.0,85.7,191.8,22.6,0.0,38.0,0.0,38.0
2024-07-21 22:30:00,45494.0,0.9375,19.8,69.0,2213,阴~多云,PID,29.15,82.5,6.0,56.0,25.85,34.900000000000006,0.0,0.0,0.0,0.0,3.0,1003.9000000000001,1001.5999999999999,100.0,0.0,0.0,100.0,0.07500000000000001,0.7050000000000001,18.549999999999997,199.0,10.600000000000001,21.2,188.0,28.25,28.55,25.3,20.5,0.304,0.331,0.3945,0.365,62.0,24.15,62.0,207.45,328.75,87.0,34.15,86.2,8.5,94.7
2024-07-21 23:00:00,45494.0,0.958333333333333,19.9,69.7,2282,阴~多云,PID,29.5,82.0,12.0,95.0,26.1,35.2,0.0,0.0,0.0,0.0,3.0,1004.1,1001.8,100.0,0.0,0.0,100.0,0.11,0.74,18.7,193.0,11.9,21.0,180.0,28.4,28.5,25.3,20.5,0.304,0.331,0.394,0.365,107.0,48.3,107.0,329.2,465.7,151.4,68.3,134.4,17.0,151.4
2024-07-21 23:30:00,45494.0,0.979166666666667,20.1,70.3,2282,阴~多云,PID,30.05,80.0,52.0,131.5,26.15,35.75,0.0,0.0,0.0,0.0,3.0,1004.1500000000001,1001.8499999999999,100.0,0.0,0.0,100.0,0.165,0.86,20.85,189.0,12.25,21.15,179.0,28.7,28.45,25.3,20.5,0.3035,0.331,0.394,0.365,183.5,126.2,183.5,463.15,595.1,233.45,158.0,169.15,64.3,233.45
2024-07-22 00:00:00,45495.0,0.0,19.4,68.1,2144,阴~晴,PID,30.6,78.0,92.0,168.0,26.2,36.3,0.0,0.0,0.0,0.0,3.0,1004.2,1001.9,100.0,0.0,0.0,100.0,0.22,0.98,23.0,185.0,12.6,21.3,178.0,29.0,28.4,25.3,20.5,0.303,0.331,0.394,0.365,260.0,204.1,260.0,597.1,724.5,315.5,247.7,203.9,111.6,315.5
2024-07-22 00:30:00,45495.0,0.0208333333333333,19.5,68.7,2328,阴~晴,PID,31.8,74.0,239.5,151.0,26.5,37.7,0.0,0.0,0.0,0.0,3.0,1004.2,1001.95,99.5,0.0,0.0,99.5,0.32,1.2349999999999999,23.55,186.0,12.6,19.55,181.5,30.25,28.45,25.3,20.5,0.3015,0.3295,0.394,0.365,390.5,406.9,390.5,719.0,837.5500000000001,452.2,468.45000000000005,177.70000000000002,274.54999999999995,452.2
2024-07-22 01:00:00,45495.0,0.0416666666666667,19.6,69.4,2232,阴~晴,PID,33.0,70.0,387.0,134.0,26.8,39.1,0.0,0.0,0.0,0.0,3.0,1004.2,1002.0,99.0,0.0,0.0,99.0,0.42,1.49,24.1,187.0,12.6,17.8,185.0,31.5,28.5,25.3,20.5,0.3,0.328,0.394,0.365,521.0,609.7,521.0,840.9,950.6,588.9,689.2,151.5,437.5,588.9
2024-07-22 01:30:00,45495.0,0.0625,19.8,70.1,2290,阴~晴,PID,33.65,67.5,457.5,146.0,26.75,39.8,0.0,0.0,0.0,0.0,3.0,1004.0,1001.8,99.5,0.0,0.0,99.5,0.49,1.695,26.8,192.5,14.4,19.9,191.0,31.85,28.6,25.3,20.5,0.299,0.328,0.394,0.365,603.5,639.9000000000001,603.5,942.45,1039.5,665.15,706.7,161.15,504.1,665.15
2024-07-22 02:00:00,45495.0,0.0833333333333333,20,70.8,2236,阴~晴,PID,34.3,65.0,528.0,158.0,26.7,40.5,0.0,0.0,0.0,0.0,3.0,1003.8,1001.6,100.0,0.0,0.0,100.0,0.56,1.9,29.5,198.0,16.2,22.0,197.0,32.2,28.7,25.3,20.5,0.298,0.328,0.394,0.365,686.0,670.1,686.0,1044.0,1128.4,741.4,724.2,170.8,570.7,741.4
2024-07-22 02:30:00,45495.0,0.104166666666667,20.3,71.6,2235,阴~晴,PID,34.7,62.0,578.0,168.5,26.35,40.8,0.0,0.0,0.0,0.0,3.0,1003.5999999999999,1001.4000000000001,99.5,0.0,0.0,99.5,0.6150000000000001,2.0999999999999996,31.5,202.5,17.35,23.55,202.0,32.55,28.799999999999997,25.35,20.5,0.297,0.327,0.3935,0.365,746.5,683.9000000000001,746.5,1118.3,1187.15,792.25,726.55,178.9,613.4000000000001,792.25
2024-07-22 03:00:00,45495.0,0.125,20.5,72.3,2306,阴~晴,PID,35.1,59.0,628.0,179.0,26.0,41.1,0.0,0.0,0.0,0.0,3.0,1003.4,1001.2,99.0,0.0,0.0,99.0,0.67,2.3,33.5,207.0,18.5,25.1,207.0,32.9,28.9,25.4,20.5,0.296,0.326,0.393,0.365,807.0,697.7,807.0,1192.6,1245.9,843.1,728.9,187.0,656.1,843.1
2024-07-22 03:30:00,45495.0,0.145833333333333,20.8,73.0,2366,阴~晴,PID,35.45,57.5,663.5,180.0,25.8,41.55,0.0,0.0,0.0,0.0,3.0,1003.45,1001.25,99.5,0.0,0.0,99.5,0.7050000000000001,2.45,33.5,211.0,18.2,24.6,210.5,33.25,29.0,25.4,20.5,0.2945,0.3255,0.393,0.365,843.5,711.6500000000001,843.5,1234.5,1270.5,868.0,732.5500000000001,185.35,682.6500000000001,868.0
2024-07-22 04:00:00,45495.0,0.166666666666667,21.1,73.7,2301,阴~晴,PID,35.8,56.0,699.0,181.0,25.6,42.0,0.0,0.0,0.0,0.0,3.0,1003.5,1001.3,100.0,0.0,0.0,100.0,0.74,2.6,33.5,215.0,17.9,24.1,214.0,33.6,29.1,25.4,20.5,0.293,0.325,0.393,0.365,880.0,725.6,880.0,1276.4,1295.1,892.9,736.2,183.7,709.2,892.9
2024-07-22 04:30:00,45495.0,0.1875,21.4,74.4,2236,阴~晴,PID,35.95,56.0,699.0,185.5,25.75,42.35,0.0,0.0,0.0,0.0,3.0,1003.3,1001.0999999999999,100.0,0.0,0.0,100.0,0.74,2.6100000000000003,32.95,216.0,17.45,23.25,215.0,33.85,29.200000000000003,25.4,20.5,0.292,0.3245,0.3925,0.365,884.5,721.8,884.5,1283.1,1283.85,885.0,722.3,185.6,699.45,885.0
2024-07-22 05:00:00,45495.0,0.208333333333333,21.8,75.0,2249,阴~晴,PID,36.1,56.0,699.0,190.0,25.9,42.7,0.0,0.0,0.0,0.0,3.0,1003.1,1000.9,100.0,0.0,0.0,100.0,0.74,2.62,32.4,217.0,17.0,22.4,216.0,34.1,29.3,25.4,20.5,0.291,0.324,0.392,0.365,889.0,718.0,889.0,1289.8,1272.6,877.1,708.4,187.5,689.7,877.1
2024-07-22 05:30:00,45495.0,0.229166666666667,22.1,75.6,2311,阴~晴,PID,36.05,56.5,603.5,230.0,26.049999999999997,42.5,0.0,0.0,0.0,0.0,3.0,1002.7,1000.5,100.0,0.0,0.0,100.0,0.7050000000000001,2.575,31.7,216.5,16.9,22.549999999999997,215.5,34.2,29.450000000000003,25.4,20.5,0.2895,0.323,0.392,0.365,833.5,632.2,833.5,1260.8500000000001,1226.25,811.1500000000001,615.8499999999999,223.05,588.1500000000001,811.1500000000001
2024-07-22 06:00:00,45495.0,0.25,22.4,76.0,2424,阴~晴,PID,36.0,57.0,508.0,270.0,26.2,42.3,0.0,0.0,0.0,0.0,3.0,1002.3,1000.1,100.0,0.0,0.0,100.0,0.67,2.53,31.0,216.0,16.8,22.7,215.0,34.3,29.6,25.4,20.5,0.288,0.322,0.392,0.365,778.0,546.4,778.0,1231.9,1179.9,745.2,523.3,258.6,486.6,745.2
2024-07-22 06:30:00,45495.0,0.270833333333333,22.8,76.5,2498,阴~晴,PID,35.75,57.5,389.5,283.0,26.15,41.5,0.0,0.0,0.0,0.0,3.0,1001.95,999.75,96.5,0.0,0.0,96.5,0.595,2.465,30.45,212.0,16.700000000000003,23.35,211.0,34.2,29.700000000000003,25.4,20.5,0.287,0.3215,0.392,0.365,672.5,435.45,672.5,1169.2,1101.6,634.8,411.7,266.15,368.6,634.8
2024-07-22 07:00:00,45495.0,0.291666666666667,23.1,76.8,2535,阴~晴,PID,35.5,58.0,271.0,296.0,26.1,40.7,0.0,0.0,0.0,0.0,3.0,1001.6,999.4,93.0,0.0,0.0,93.0,0.52,2.4,29.9,208.0,16.6,24.0,207.0,34.1,29.8,25.4,20.5,0.286,0.321,0.392,0.365,567.0,324.5,567.0,1106.5,1023.3,524.4,300.1,273.7,250.6,524.4
2024-07-22 07:30:00,45495.0,0.3125,23.3,77.0,2574,阴~晴,PID,35.55,58.0,341.0,231.5,26.15,40.85,0.0,0.0,0.0,0.0,3.0,1001.3,999.0999999999999,96.5,0.0,0.0,96.5,0.52,2.4050000000000002,30.25,208.0,16.200000000000003,23.85,207.0,34.05,29.9,25.4,20.5,0.2855,0.3205,0.3915,0.365,572.5,457.5,572.5,1014.35,918.35,517.1,410.45,210.5,306.55,517.1
2024-07-22 08:00:00,45495.0,0.333333333333333,24.5,77.4,2293,阴~晴,PID,35.6,58.0,411.0,167.0,26.2,41.0,0.0,0.0,0.0,0.0,3.0,1001.0,998.8,100.0,0.0,0.0,100.0,0.52,2.41,30.6,208.0,15.8,23.7,207.0,34.0,30.0,25.4,20.5,0.285,0.32,0.391,0.365,578.0,590.5,578.0,922.2,813.4,509.8,520.8,147.3,362.5,509.8
2024-07-22 08:30:00,45495.0,0.354166666666667,24.8,77.5,2293,阴~晴,PID,35.3,61.0,343.5,145.5,26.65,41.15,0.0,0.0,0.0,0.0,3.0,1000.85,998.65,100.0,0.0,0.0,100.0,0.44,2.2199999999999998,28.6,209.5,14.05,22.2,209.5,33.8,30.05,25.45,20.5,0.2845,0.32,0.391,0.365,489.0,559.65,489.0,806.9000000000001,689.0,418.20000000000005,476.25,124.25,293.9,418.20000000000005
2024-07-22 09:00:00,45495.0,0.375,25.8,77.7,2215,阴~晴,PID,35.0,64.0,276.0,124.0,27.1,41.3,0.0,0.0,0.0,0.0,3.0,1000.7,998.5,100.0,0.0,0.0,100.0,0.36,2.03,26.6,211.0,12.3,20.7,212.0,33.6,30.1,25.5,20.5,0.284,0.32,0.391,0.365,400.0,528.8,400.0,691.6,564.6,326.6,431.7,101.2,225.3,326.6
2024-07-22 09:30:00,45495.0,0.395833333333333,26,77.5,2262,阴~晴,PID,34.35,66.5,194.0,109.5,27.200000000000003,40.95,0.0,0.0,0.0,0.0,3.0,1000.8,998.6,100.0,0.0,0.0,100.0,0.28,1.815,23.75,213.0,11.0,20.299999999999997,211.5,33.3,30.200000000000003,25.5,20.5,0.2835,0.3195,0.391,0.365,303.5,436.84999999999997,303.5,560.95,429.25,234.0,333.6,83.05000000000001,150.9,234.0
2024-07-22 10:00:00,45495.0,0.416666666666667,25.2,77.0,2266,阴~晴,PID,33.7,69.0,112.0,95.0,27.3,40.6,0.0,0.0,0.0,0.0,3.0,1000.9,998.7,100.0,0.0,0.0,100.0,0.2,1.6,20.9,215.0,9.7,19.9,211.0,33.0,30.3,25.5,20.5,0.283,0.319,0.391,0.365,207.0,344.9,207.0,430.3,293.9,141.4,235.5,64.9,76.5,141.4
2024-07-22 10:30:00,45495.0,0.4375,25.2,76.6,2407,阴~晴,PID,32.900000000000006,70.5,65.5,65.5,26.8,39.55,0.0,0.0,0.0,0.0,3.0,1000.9,998.7,99.5,0.0,0.0,99.5,0.14,1.48,18.75,212.5,9.0,20.35,204.5,32.5,30.3,25.5,20.5,0.283,0.319,0.391,0.365,131.0,237.04999999999998,131.0,293.25,156.7,73.45,124.20000000000002,34.7,39.45,74.15
2024-07-22 11:00:00,45495.0,0.458333333333333,24.4,75.9,2450,阴~晴,PID,32.1,72.0,19.0,36.0,26.3,38.5,0.0,0.0,0.0,0.0,3.0,1000.9,998.7,99.0,0.0,0.0,99.0,0.08,1.36,16.6,210.0,8.3,20.8,198.0,32.0,30.3,25.5,20.5,0.283,0.319,0.391,0.365,55.0,129.2,55.0,156.2,19.5,5.5,12.9,4.5,2.4,6.9
2024-07-22 11:30:00,45495.0,0.479166666666667,24.4,75.4,2529,阴~晴,PID,31.6,73.5,9.5,18.0,26.25,38.1,0.0,0.0,0.0,0.0,3.0,1000.95,998.75,99.5,0.0,0.0,99.5,0.06,1.2449999999999999,15.3,207.0,7.45,19.1,193.5,31.6,30.3,25.5,20.5,0.2835,0.319,0.391,0.365,27.5,64.6,27.5,78.1,9.75,2.75,6.45,2.25,1.2,3.4499999999999997
2024-07-22 12:00:00,45495.0,0.5,25.3,75.2,2444,阴~晴,PID,31.1,75.0,0.0,0.0,26.2,37.7,0.0,0.0,0.0,0.0,3.0,1001.0,998.8,100.0,0.0,0.0,100.0,0.04,1.13,14.0,204.0,6.6,17.4,189.0,31.2,30.3,25.5,20.5,0.284,0.319,0.391,0.365,0.0,0.0,0.0,0.0,0.0,0.0,0.0,0.0,0.0,0.0
2024-07-22 12:30:00,45495.0,0.520833333333333,25.2,74.5,2509,阴~晴,PID,30.950000000000003,78.5,0.0,0.0,26.799999999999997,38.0,0.0,0.0,0.0,0.0,2.0,1001.4,999.2,64.0,0.0,0.0,64.0,0.025,0.965,12.2,178.5,6.5,16.35,165.5,31.1,30.15,25.5,20.5,0.281,0.3175,0.39,0.365,0.0,0.0,0.0,0.0,0.0,0.0,0.0,0.0,0.0,0.0
2024-07-22 13:00:00,45495.0,0.541666666666667,25.9,74.1,2327,阴~晴,PID,30.8,82.0,0.0,0.0,27.4,38.3,0.0,0.0,0.0,0.0,1.0,1001.8,999.6,28.0,0.0,0.0,28.0,0.01,0.8,10.4,153.0,6.4,15.3,142.0,31.0,30.0,25.5,20.5,0.278,0.316,0.389,0.365,0.0,0.0,0.0,0.0,0.0,0.0,0.0,0.0,0.0,0.0
2024-07-22 13:30:00,45495.0,0.5625,25.7,73.4,2259,阴~晴,PID,30.700000000000003,81.5,0.0,0.0,27.2,37.9,0.0,0.0,0.0,0.0,0.5,1001.8499999999999,999.6,23.0,0.0,0.0,23.0,0.015,0.81,11.7,149.0,7.15,17.35,141.5,30.7,29.95,25.5,20.5,0.278,0.316,0.389,0.365,0.0,0.0,0.0,0.0,0.0,0.0,0.0,0.0,0.0,0.0
2024-07-22 14:00:00,45495.0,0.583333333333333,24.5,72.4,2312,阴~晴,PID,30.6,81.0,0.0,0.0,27.0,37.5,0.0,0.0,0.0,0.0,0.0,1001.9,999.6,18.0,0.0,0.0,18.0,0.02,0.82,13.0,145.0,7.9,19.4,141.0,30.4,29.9,25.5,20.5,0.278,0.316,0.389,0.365,0.0,0.0,0.0,0.0,0.0,0.0,0.0,0.0,0.0,0.0
2024-07-22 14:30:00,45495.0,0.604166666666667,24.3,71.6,2265,阴~晴,PID,30.35,81.5,0.0,0.0,26.8,37.15,0.0,0.0,0.0,0.0,0.5,1001.8,999.5,22.5,0.0,0.0,22.5,0.02,0.8049999999999999,13.35,150.0,7.9,19.6,148.5,30.2,29.85,25.5,20.5,0.2785,0.3155,0.389,0.365,0.0,0.0,0.0,0.0,0.0,0.0,0.0,0.0,0.0,0.0
2024-07-22 15:00:00,45495.0,0.625,23.1,70.6,2270,阴~晴,PID,30.1,82.0,0.0,0.0,26.6,36.8,0.0,0.0,0.0,0.0,1.0,1001.7,999.4,27.0,0.0,0.0,27.0,0.02,0.79,13.7,155.0,7.9,19.8,156.0,30.0,29.8,25.5,20.5,0.279,0.315,0.389,0.365,0.0,0.0,0.0,0.0,0.0,0.0,0.0,0.0,0.0,0.0
2024-07-22 15:30:00,45495.0,0.645833333333333,22.8,69.9,2291,阴~晴,PID,29.85,82.5,0.0,0.0,26.55,36.5,0.0,0.0,0.0,0.0,1.5,1001.55,999.25,45.0,0.0,0.0,45.0,0.015,0.74,13.7,158.5,7.95,19.75,159.0,29.8,29.8,25.55,20.5,0.279,0.315,0.3885,0.365,0.0,0.0,0.0,0.0,0.0,0.0,0.0,0.0,0.0,0.0
2024-07-22 16:00:00,45495.0,0.666666666666667,22.5,69.2,2318,阴~晴,PID,29.6,83.0,0.0,0.0,26.5,36.2,0.0,0.0,0.0,0.0,2.0,1001.4,999.1,63.0,0.0,0.0,63.0,0.01,0.69,13.7,162.0,8.0,19.7,162.0,29.6,29.8,25.6,20.5,0.279,0.315,0.388,0.365,0.0,0.0,0.0,0.0,0.0,0.0,0.0,0.0,0.0,0.0
2024-07-22 16:30:00,45495.0,0.6875,22.1,68.6,2274,阴~晴,PID,29.35,84.5,0.0,0.0,26.55,36.1,0.0,0.0,0.0,0.0,2.5,1001.45,999.1500000000001,81.5,0.0,0.0,81.5,0.01,0.625,13.7,163.5,7.3,18.4,160.0,29.450000000000003,29.700000000000003,25.6,20.5,0.279,0.315,0.388,0.3655,0.0,0.0,0.0,0.0,0.0,0.0,0.0,0.0,0.0,0.0
2024-07-22 17:00:00,45495.0,0.708333333333333,21.8,68.0,2497,阴~晴,PID,29.1,86.0,0.0,0.0,26.6,36.0,0.0,0.0,0.0,0.0,3.0,1001.5,999.2,100.0,0.0,0.0,100.0,0.01,0.56,13.7,165.0,6.6,17.1,158.0,29.3,29.6,25.6,20.5,0.279,0.315,0.388,0.366,0.0,0.0,0.0,0.0,0.0,0.0,0.0,0.0,0.0,0.0
2024-07-22 17:30:00,45495.0,0.729166666666667,21.5,67.5,2506,阴~晴,PID,28.85,87.5,0.0,0.0,26.65,35.8,0.0,0.0,0.0,0.0,3.0,1001.5,999.2,100.0,0.0,0.0,100.0,0.005,0.485,12.25,168.5,6.15,14.9,151.5,29.15,29.55,25.6,20.5,0.2795,0.315,0.388,0.366,0.0,0.0,0.0,0.0,0.0,0.0,0.0,0.0,0.0,0.0
2024-07-22 18:00:00,45495.0,0.75,22.1,67.3,2541,阴~晴,PID,28.6,89.0,0.0,0.0,26.7,35.6,0.0,0.0,0.0,0.0,3.0,1001.5,999.2,100.0,0.0,0.0,100.0,0.0,0.41,10.8,172.0,5.7,12.7,145.0,29.0,29.5,25.6,20.5,0.28,0.315,0.388,0.366,0.0,0.0,0.0,0.0,0.0,0.0,0.0,0.0,0.0,0.0
2024-07-22 18:30:00,45495.0,0.770833333333333,21.8,66.9,2371,阴~晴,PID,28.65,88.5,0.0,0.0,26.65,35.6,0.0,0.0,0.0,0.0,3.0,1001.4,999.1,100.0,0.0,0.0,100.0,0.0,0.43,10.100000000000001,173.0,5.85,13.05,146.0,28.9,29.45,25.6,20.55,0.28,0.315,0.388,0.366,0.0,0.0,0.0,0.0,0.0,0.0,0.0,0.0,0.0,0.0
2024-07-22 19:00:00,45495.0,0.791666666666667,22,66.8,2328,阴~晴,PID,28.7,88.0,0.0,0.0,26.6,35.6,0.0,0.0,0.0,0.0,3.0,1001.3,999.0,100.0,0.0,0.0,100.0,0.0,0.45,9.4,174.0,6.0,13.4,147.0,28.8,29.4,25.6,20.6,0.28,0.315,0.388,0.366,0.0,0.0,0.0,0.0,0.0,0.0,0.0,0.0,0.0,0.0
2024-07-22 19:30:00,45495.0,0.8125,21.8,66.6,2382,阴~晴,PID,28.7,88.0,0.0,0.0,26.55,35.45,0.0,0.0,0.0,0.0,3.0,1000.95,998.65,99.5,0.0,0.0,99.5,0.005,0.45999999999999996,10.65,176.5,6.7,14.45,156.5,28.700000000000003,29.35,25.6,20.6,0.28,0.315,0.388,0.366,0.0,0.0,0.0,0.0,0.0,0.0,0.0,0.0,0.0,0.0
2024-07-22 20:00:00,45495.0,0.833333333333333,20.6,66.3,2273,阴~晴,PID,28.7,88.0,0.0,0.0,26.5,35.3,0.0,0.0,0.0,0.0,3.0,1000.6,998.3,99.0,0.0,0.0,99.0,0.01,0.47,11.9,179.0,7.4,15.5,166.0,28.6,29.3,25.6,20.6,0.28,0.315,0.388,0.366,0.0,0.0,0.0,0.0,0.0,0.0,0.0,0.0,0.0,0.0
2024-07-22 20:30:00,45495.0,0.854166666666667,20.4,66.3,2366,阴~晴,PID,28.6,88.5,0.0,0.0,26.5,35.2,0.0,0.0,0.0,0.0,3.0,1000.5,998.2,99.5,0.0,0.0,99.5,0.005,0.44999999999999996,12.600000000000001,182.0,7.5,16.6,170.5,28.5,29.200000000000003,25.6,20.6,0.28,0.315,0.388,0.366,0.0,0.0,0.0,0.0,0.0,0.0,0.0,0.0,0.0,0.0
2024-07-22 21:00:00,45495.0,0.875,19.6,66.2,2286,阴~晴,PID,28.5,89.0,0.0,0.0,26.5,35.1,0.0,0.0,0.0,0.0,3.0,1000.4,998.1,100.0,0.0,0.0,100.0,0.0,0.43,13.3,185.0,7.6,17.7,175.0,28.4,29.1,25.6,20.6,0.28,0.315,0.388,0.366,0.0,0.0,0.0,0.0,0.0,0.0,0.0,0.0,0.0,0.0
2024-07-22 21:30:00,45495.0,0.895833333333333,19.5,66.4,2245,阴~晴,PID,28.6,89.0,0.5,8.0,26.65,35.3,0.0,0.0,0.0,0.0,3.0,1000.65,998.35,100.0,0.0,0.0,100.0,0.015000000000000001,0.425,13.3,184.5,7.85,17.15,171.0,28.4,29.05,25.6,20.6,0.2805,0.315,0.388,0.366,8.5,4.65,8.5,42.2,94.6,11.25,6.15,17.9,1.1,19.05
2024-07-22 22:00:00,45495.0,0.916666666666667,19.4,66.7,2269,阴~晴,PID,28.7,89.0,1.0,16.0,26.8,35.5,0.0,0.0,0.0,0.0,3.0,1000.9,998.6,100.0,0.0,0.0,100.0,0.03,0.42,13.3,184.0,8.1,16.6,167.0,28.4,29.0,25.6,20.6,0.281,0.315,0.388,0.366,17.0,9.3,17.0,84.4,189.2,22.5,12.3,35.8,2.2,38.1
2024-07-22 22:30:00,45495.0,0.9375,19.4,67.1,2300,阴~晴,PID,29.35,88.5,12.0,54.5,27.25,36.35,0.0,0.0,0.0,0.0,3.0,1001.0999999999999,998.8,100.0,0.0,0.0,100.0,0.065,0.475,14.4,184.5,8.7,17.15,165.5,28.6,28.95,25.6,20.6,0.281,0.315,0.388,0.366,66.5,51.3,66.5,205.60000000000002,326.4,93.5,72.3,83.85,17.400000000000002,101.3
2024-07-22 23:00:00,45495.0,0.958333333333333,19.4,67.6,2237,阴~晴,PID,30.0,88.0,23.0,93.0,27.7,37.2,0.0,0.0,0.0,0.0,3.0,1001.3,999.0,100.0,0.0,0.0,100.0,0.1,0.53,15.5,185.0,9.3,17.7,164.0,28.8,28.9,25.6,20.6,0.281,0.315,0.388,0.366,116.0,93.3,116.0,326.8,463.6,164.5,132.3,131.9,32.6,164.5
2024-07-22 23:30:00,45495.0,0.979166666666667,19.4,68.1,2178,阴~晴,PID,30.85,86.0,49.5,135.5,28.15,38.5,0.0,0.0,0.0,0.0,3.0,1001.5,999.25,100.0,0.0,0.0,100.0,0.15000000000000002,0.645,16.75,183.5,9.0,18.6,163.5,29.25,28.9,25.65,20.6,0.281,0.315,0.388,0.366,185.0,131.25,185.0,460.95000000000005,593.2,236.5,168.9,174.05,62.449999999999996,236.5
2024-07-23 00:00:00,45496.0,0.0,20.1,66.4,2286,暴雨~大雨,PID,31.7,84.0,76.0,178.0,28.6,39.8,0.0,0.0,0.0,0.0,3.0,1001.7,999.5,100.0,0.0,0.0,100.0,0.2,0.76,18.0,182.0,8.7,19.5,163.0,29.7,28.9,25.7,20.6,0.281,0.315,0.388,0.366,254.0,169.2,254.0,595.1,722.8,308.5,205.5,216.2,92.3,308.5
2024-07-23 00:30:00,45496.0,0.0208333333333333,20.2,67.0,2350,暴雨~大雨,PID,32.8,77.0,220.5,161.5,28.15,40.65,0.0,0.0,0.0,0.0,2.5,1001.7,999.5,85.0,0.0,0.0,85.0,0.305,1.17,17.3,179.0,8.149999999999999,14.8,169.0,30.6,28.9,25.7,20.6,0.279,0.3135,0.387,0.366,382.0,372.70000000000005,382.0,717.25,836.0,442.6,428.55,190.1,252.55,442.6
2024-07-23 01:00:00,45496.0,0.0416666666666667,20.3,67.7,2158,暴雨~大雨,PID,33.9,70.0,365.0,145.0,27.7,41.5,0.0,0.0,0.0,0.0,2.0,1001.7,999.5,70.0,0.0,0.0,70.0,0.41,1.58,16.6,176.0,7.6,10.1,175.0,31.5,28.9,25.7,20.6,0.277,0.312,0.386,0.366,510.0,576.2,510.0,839.4,949.2,576.7,651.6,164.0,412.8,576.7
2024-07-23 01:30:00,45496.0,0.0625,20.5,68.4,2266,暴雨~大雨,PID,34.5,66.0,445.0,151.0,27.25,41.75,0.0,0.0,0.0,0.0,1.0,1001.45,999.25,39.5,0.0,0.0,39.5,0.485,1.86,19.8,185.0,9.85,13.05,183.5,32.0,28.95,25.7,20.6,0.276,0.3115,0.386,0.366,596.0,621.7,596.0,941.0999999999999,1038.25,657.0,686.4000000000001,166.85,490.15,657.0
2024-07-23 02:00:00,45496.0,0.0833333333333333,20.7,69.1,2217,暴雨~大雨,PID,35.1,62.0,525.0,157.0,26.8,42.0,0.0,0.0,0.0,0.0,0.0,1001.2,999.0,9.0,0.0,0.0,9.0,0.56,2.14,23.0,194.0,12.1,16.0,192.0,32.5,29.0,25.7,20.6,0.275,0.311,0.386,0.366,682.0,667.2,682.0,1042.8,1127.3,737.3,721.2,169.7,567.5,737.3
2024-07-23 02:30:00,45496.0,0.104166666666667,21,69.9,2216,暴雨~大雨,PID,35.45,60.0,587.5,159.5,26.5,42.25,0.0,0.0,0.0,0.0,1.0,1001.2,999.0,36.0,0.0,0.0,36.0,0.6200000000000001,2.31,25.7,199.0,13.7,18.05,198.0,32.95,29.1,25.7,20.6,0.274,0.3105,0.3855,0.366,747.0,695.05,747.0,1117.1999999999998,1186.15,792.8499999999999,738.25,169.5,623.35,792.8499999999999
2024-07-23 03:00:00,45496.0,0.125,21.2,70.6,2279,暴雨~大雨,PID,35.8,58.0,650.0,162.0,26.2,42.5,0.0,0.0,0.0,0.0,2.0,1001.2,999.0,63.0,0.0,0.0,63.0,0.68,2.48,28.4,204.0,15.3,20.1,204.0,33.4,29.2,25.7,20.6,0.273,0.31,0.385,0.366,812.0,722.9,812.0,1191.6,1245.0,848.4,755.3,169.3,679.2,848.4
2024-07-23 03:30:00,45496.0,0.145833333333333,21.5,71.3,2327,暴雨~大雨,PID,36.099999999999994,57.0,679.5,167.0,26.15,43.1,0.0,0.0,0.0,0.0,2.5,1001.0,998.8,74.5,0.0,0.0,74.5,0.71,2.585,28.4,206.0,14.25,18.6,206.5,33.8,29.35,25.7,20.6,0.272,0.3095,0.385,0.366,846.5,729.75,846.5,1233.6,1269.65,871.15,751.35,171.9,699.3,871.15
2024-07-23 04:00:00,45496.0,0.166666666666667,21.8,72.0,2300,暴雨~大雨,PID,36.4,56.0,709.0,172.0,26.1,43.7,0.0,0.0,0.0,0.0,3.0,1000.8,998.6,86.0,0.0,0.0,86.0,0.74,2.69,28.4,208.0,13.2,17.1,209.0,34.2,29.5,25.7,20.6,0.271,0.309,0.385,0.366,881.0,736.6,881.0,1275.6,1294.3,893.9,747.4,174.5,719.4,893.9
2024-07-23 04:30:00,45496.0,0.1875,22.2,72.7,2322,暴雨~大雨,PID,36.55,55.0,686.5,191.5,26.0,43.95,0.0,0.0,0.0,0.0,1.5,1000.5,998.3,49.0,0.0,6.0,43.0,0.735,2.755,26.799999999999997,211.0,12.3,15.950000000000001,212.0,34.5,29.6,25.7,20.6,0.2695,0.308,0.3845,0.366,878.0,709.6,878.0,1282.35,1283.05,878.5999999999999,710.45,191.35,687.25,878.5999999999999
2024-07-23 05:00:00,45496.0,0.208333333333333,22.5,73.3,2233,暴雨~大雨,PID,36.7,54.0,664.0,211.0,25.9,44.2,0.0,0.0,0.0,0.0,0.0,1000.2,998.0,12.0,0.0,12.0,0.0,0.73,2.82,25.2,214.0,11.4,14.8,215.0,34.8,29.7,25.7,20.6,0.268,0.307,0.384,0.366,875.0,682.6,875.0,1289.1,1271.8,863.3,673.5,208.2,655.1,863.3
2024-07-23 05:30:00,45496.0,0.229166666666667,22.8,73.9,2376,暴雨~大雨,PID,36.650000000000006,54.5,629.5,199.0,25.95,43.95,0.0,0.0,0.0,0.0,0.0,1000.0,997.8,14.5,1.5,13.5,1.0,0.6950000000000001,2.7899999999999996,24.85,213.0,11.2,14.45,213.5,34.9,29.85,25.7,20.6,0.267,0.3065,0.384,0.366,828.5,661.55,828.5,1260.05,1225.4,806.1,643.45,193.64999999999998,612.45,806.1
2024-07-23 06:00:00,45496.0,0.25,23.2,74.4,2491,暴雨~大雨,PID,36.6,55.0,595.0,187.0,26.0,43.7,0.0,0.0,0.0,0.0,0.0,999.8,997.6,17.0,3.0,15.0,2.0,0.66,2.76,24.5,212.0,11.0,14.1,212.0,35.0,30.0,25.7,20.6,0.266,0.306,0.384,0.366,782.0,640.5,782.0,1231.0,1179.0,748.9,613.4,179.1,569.8,748.9
2024-07-23 06:30:00,45496.0,0.270833333333333,23.5,74.8,2476,暴雨~大雨,PID,36.5,55.5,534.5,181.5,26.1,43.45,0.0,0.0,0.0,0.0,0.0,999.5999999999999,997.4000000000001,11.5,2.5,10.0,1.5,0.6100000000000001,2.715,23.05,205.0,9.85,12.75,204.5,35.0,30.1,25.7,20.6,0.2655,0.3055,0.384,0.366,716.0,604.35,716.0,1168.25,1100.6,674.95,569.4,170.89999999999998,504.04999999999995,674.95
2024-07-23 07:00:00,45496.0,0.291666666666667,23.8,75.1,2516,暴雨~大雨,PID,36.4,56.0,474.0,176.0,26.2,43.2,0.0,0.0,0.0,0.0,0.0,999.4,997.2,6.0,2.0,5.0,1.0,0.56,2.67,21.6,198.0,8.7,11.4,197.0,35.0,30.2,25.7,20.6,0.265,0.305,0.384,0.366,650.0,568.2,650.0,1105.5,1022.2,601.0,525.4,162.7,438.3,601.0
2024-07-23 07:30:00,45496.0,0.3125,24.1,75.3,2556,暴雨~大雨,PID,36.349999999999994,56.5,442.0,161.0,26.25,43.0,0.0,0.0,0.0,0.0,0.5,999.15,996.95,13.5,2.0,4.0,9.0,0.52,2.635,19.6,188.0,8.3,10.75,187.0,34.95,30.299999999999997,25.7,20.6,0.264,0.305,0.3835,0.366,603.0,579.05,603.0,1013.25,917.1,545.6,522.8,145.7,399.9,545.6
2024-07-23 08:00:00,45496.0,0.333333333333333,25.1,75.7,2248,暴雨~大雨,PID,36.3,57.0,410.0,146.0,26.3,42.8,0.0,0.0,0.0,0.0,1.0,998.9,996.7,21.0,2.0,3.0,17.0,0.48,2.6,17.6,178.0,7.9,10.1,177.0,34.9,30.4,25.7,20.6,0.263,0.305,0.383,0.366,556.0,589.9,556.0,921.0,812.0,490.2,520.2,128.7,361.5,490.2
2024-07-23 08:30:00,45496.0,0.354166666666667,25.4,75.7,2287,暴雨~大雨,PID,36.099999999999994,58.0,335.5,134.5,26.5,42.8,0.0,0.0,0.0,0.0,2.0,998.8,996.6,58.5,4.0,3.5,56.0,0.405,2.5,16.55,167.0,7.15,9.399999999999999,165.0,34.7,30.5,25.75,20.6,0.2625,0.3045,0.383,0.366,470.0,545.6,470.0,805.5,687.4499999999999,401.75,464.55,114.5,287.2,401.75
2024-07-23 09:00:00,45496.0,0.375,26.1,75.8,2306,暴雨~大雨,PID,35.9,59.0,261.0,123.0,26.7,42.8,0.0,0.0,0.0,0.0,3.0,998.7,996.5,96.0,6.0,4.0,95.0,0.33,2.4,15.5,156.0,6.4,8.7,153.0,34.5,30.6,25.8,20.6,0.262,0.304,0.383,0.366,384.0,501.3,384.0,690.0,562.9,313.3,408.9,100.3,212.9,313.3
2024-07-23 09:30:00,45496.0,0.395833333333333,26.3,75.7,2276,暴雨~大雨,PID,35.25,64.5,182.0,109.5,27.5,42.8,0.0,0.0,0.0,0.0,1.5,998.6,996.4,53.5,3.5,3.0,52.0,0.255,2.02,13.5,154.5,6.1,10.399999999999999,151.5,34.15,30.65,25.8,20.6,0.262,0.304,0.383,0.366,291.5,410.0,291.5,559.2,427.29999999999995,224.4,312.95,82.85,141.5,224.4
2024-07-23 10:00:00,45496.0,0.416666666666667,25.6,75.2,2299,暴雨~大雨,PID,34.6,70.0,103.0,96.0,28.3,42.8,0.0,0.0,0.0,0.0,0.0,998.5,996.3,11.0,1.0,2.0,9.0,0.18,1.64,11.5,153.0,5.8,12.1,150.0,33.8,30.7,25.8,20.6,0.262,0.304,0.383,0.366,199.0,318.7,199.0,428.4,291.7,135.5,217.0,65.4,70.1,135.5
2024-07-23 10:30:00,45496.0,0.4375,25.6,74.8,2377,暴雨~大雨,PID,33.6,74.5,61.5,65.0,28.35,41.75,0.0,0.0,0.0,0.0,0.0,998.65,996.45,9.5,1.0,2.0,7.0,0.12,1.3399999999999999,10.8,154.5,6.35,11.35,151.0,33.349999999999994,30.75,25.8,20.6,0.262,0.304,0.383,0.366,126.5,227.7,126.5,291.1,154.35,70.1,114.5,34.599999999999994,36.15,70.75
2024-07-23 11:00:00,45496.0,0.458333333333333,25.1,74.2,2446,暴雨~大雨,PID,32.6,79.0,20.0,34.0,28.4,40.7,0.0,0.0,0.0,0.0,0.0,998.8,996.6,8.0,1.0,2.0,5.0,0.06,1.04,10.1,156.0,6.9,10.6,152.0,32.9,30.8,25.8,20.6,0.262,0.304,0.383,0.366,54.0,136.7,54.0,153.8,17.0,4.7,12.0,3.8,2.2,6.0
2024-07-23 11:30:00,45496.0,0.479166666666667,25.1,73.7,2440,暴雨~大雨,PID,32.400000000000006,78.0,10.0,17.0,28.0,40.25,0.0,0.0,0.0,0.0,0.5,999.15,996.95,18.5,4.0,1.5,14.0,0.04,1.08,10.25,142.5,6.95,13.600000000000001,138.5,32.5,30.8,25.8,20.6,0.262,0.304,0.383,0.366,27.0,68.35,27.0,76.9,8.5,2.35,6.0,1.9,1.1,3.0
2024-07-23 12:00:00,45496.0,0.5,25.7,73.3,2581,暴雨~大雨,PID,32.2,77.0,0.0,0.0,27.6,39.8,0.0,0.0,0.0,0.0,1.0,999.5,997.3,29.0,7.0,1.0,23.0,0.02,1.12,10.4,129.0,7.0,16.6,125.0,32.1,30.8,25.8,20.6,0.262,0.304,0.383,0.366,0.0,0.0,0.0,0.0,0.0,0.0,0.0,0.0,0.0,0.0
2024-07-23 12:30:00,45496.0,0.520833333333333,25.6,72.7,2454,暴雨~大雨,PID,32.1,76.5,0.0,0.0,27.450000000000003,39.25,0.0,0.0,0.0,0.0,2.0,999.7,997.5,60.5,4.0,2.0,57.5,0.03,1.13,14.75,129.0,9.15,20.200000000000003,126.0,32.2,30.75,25.8,20.6,0.262,0.304,0.383,0.366,0.0,0.0,0.0,0.0,0.0,0.0,0.0,0.0,0.0,0.0
2024-07-23 13:00:00,45496.0,0.541666666666667,26,72.2,2230,暴雨~大雨,PID,32.0,76.0,0.0,0.0,27.3,38.7,0.0,0.0,0.0,0.0,3.0,999.9,997.7,92.0,1.0,3.0,92.0,0.04,1.14,19.1,129.0,11.3,23.8,127.0,32.3,30.7,25.8,20.6,0.262,0.304,0.383,0.366,0.0,0.0,0.0,0.0,0.0,0.0,0.0,0.0,0.0,0.0
2024-07-23 13:30:00,45496.0,0.5625,25.8,71.4,2235,暴雨~大雨,PID,31.65,76.0,0.0,0.0,26.950000000000003,38.1,0.0,0.0,0.0,0.0,3.0,999.8499999999999,997.6500000000001,95.0,0.5,4.5,95.0,0.04,1.115,19.25,131.0,11.4,24.15,129.0,31.95,30.7,25.85,20.6,0.2625,0.304,0.383,0.366,0.0,0.0,0.0,0.0,0.0,0.0,0.0,0.0,0.0,0.0
2024-07-23 14:00:00,45496.0,0.583333333333333,24.9,70.5,2248,暴雨~大雨,PID,31.3,76.0,0.0,0.0,26.6,37.5,0.0,0.0,0.0,0.0,3.0,999.8,997.6,98.0,0.0,6.0,98.0,0.04,1.09,19.4,133.0,11.5,24.5,131.0,31.6,30.7,25.9,20.6,0.263,0.304,0.383,0.366,0.0,0.0,0.0,0.0,0.0,0.0,0.0,0.0,0.0,0.0
2024-07-23 14:30:00,45496.0,0.604166666666667,24.6,69.8,2378,暴雨~大雨,PID,31.1,75.0,0.0,0.0,26.200000000000003,36.85,0.0,0.0,0.0,0.0,3.0,999.9,997.7,99.0,0.0,3.0,99.0,0.05,1.125,21.05,131.0,12.55,25.85,129.0,31.3,30.65,25.9,20.6,0.263,0.304,0.383,0.366,0.0,0.0,0.0,0.0,0.0,0.0,0.0,0.0,0.0,0.0
2024-07-23 15:00:00,45496.0,0.625,23.8,68.9,2389,暴雨~大雨,PID,30.9,74.0,0.0,0.0,25.8,36.2,0.0,0.0,0.0,0.0,3.0,1000.0,997.8,100.0,0.0,0.0,100.0,0.06,1.16,22.7,129.0,13.6,27.2,127.0,31.0,30.6,25.9,20.6,0.263,0.304,0.383,0.366,0.0,0.0,0.0,0.0,0.0,0.0,0.0,0.0,0.0,0.0
2024-07-23 15:30:00,45496.0,0.645833333333333,23.5,68.1,2358,暴雨~大雨,PID,30.549999999999997,76.0,0.0,0.0,25.9,35.8,0.0,0.0,0.0,0.0,3.0,999.9,997.7,100.0,0.0,0.0,100.0,0.055,1.045,23.95,130.0,14.35,27.75,128.5,30.8,30.55,25.9,20.6,0.263,0.304,0.383,0.366,0.0,0.0,0.0,0.0,0.0,0.0,0.0,0.0,0.0,0.0
2024-07-23 16:00:00,45496.0,0.666666666666667,23.1,67.4,2282,暴雨~大雨,PID,30.2,78.0,0.0,0.0,26.0,35.4,0.0,0.0,0.0,0.0,3.0,999.8,997.6,100.0,0.0,0.0,100.0,0.05,0.93,25.2,131.0,15.1,28.3,130.0,30.6,30.5,25.9,20.6,0.263,0.304,0.383,0.366,0.0,0.0,0.0,0.0,0.0,0.0,0.0,0.0,0.0,0.0
2024-07-23 16:30:00,45496.0,0.6875,22.8,66.8,2358,暴雨~大雨,PID,29.85,80.5,0.0,0.0,26.2,35.25,0.0,0.0,0.0,0.0,3.0,999.65,997.4000000000001,92.0,0.0,0.0,92.0,0.04,0.805,25.2,131.0,14.7,27.8,129.5,30.4,30.45,25.9,20.65,0.263,0.304,0.383,0.366,0.0,0.0,0.0,0.0,0.0,0.0,0.0,0.0,0.0,0.0
2024-07-23 17:00:00,45496.0,0.708333333333333,22.5,66.2,2487,暴雨~大雨,PID,29.5,83.0,0.0,0.0,26.4,35.1,0.0,0.0,0.0,0.0,3.0,999.5,997.2,84.0,0.0,0.0,84.0,0.03,0.68,25.2,131.0,14.3,27.3,129.0,30.2,30.4,25.9,20.7,0.263,0.304,0.383,0.366,0.0,0.0,0.0,0.0,0.0,0.0,0.0,0.0,0.0,0.0
2024-07-23 17:30:00,45496.0,0.729166666666667,22.2,65.7,2478,暴雨~大雨,PID,29.25,85.0,0.0,0.0,26.45,34.95,0.0,0.0,0.0,0.0,2.5,999.4,997.1,71.5,0.0,0.0,71.5,0.025,0.605,24.85,130.5,13.7,26.4,128.0,30.0,30.35,25.9,20.7,0.2635,0.304,0.3825,0.366,0.0,0.0,0.0,0.0,0.0,0.0,0.0,0.0,0.0,0.0
2024-07-23 18:00:00,45496.0,0.75,22.8,65.5,2472,暴雨~大雨,PID,29.0,87.0,0.0,0.0,26.5,34.8,0.0,0.0,0.0,0.0,2.0,999.3,997.0,59.0,0.0,0.0,59.0,0.02,0.53,24.5,130.0,13.1,25.5,127.0,29.8,30.3,25.9,20.7,0.264,0.304,0.382,0.366,0.0,0.0,0.0,0.0,0.0,0.0,0.0,0.0,0.0,0.0
2024-07-23 18:30:00,45496.0,0.770833333333333,22.4,65.2,2462,暴雨~大雨,PID,28.8,87.5,0.0,0.0,26.45,34.7,0.0,0.0,0.0,0.0,2.5,999.15,996.85,72.0,0.0,0.0,72.0,0.015,0.5,23.25,129.0,12.3,24.55,124.5,29.6,30.25,25.9,20.7,0.264,0.304,0.382,0.366,0.0,0.0,0.0,0.0,0.0,0.0,0.0,0.0,0.0,0.0
2024-07-23 19:00:00,45496.0,0.791666666666667,22.8,65.1,2325,暴雨~大雨,PID,28.6,88.0,0.0,0.0,26.4,34.6,0.0,0.0,0.0,0.0,3.0,999.0,996.7,85.0,0.0,0.0,85.0,0.01,0.47,22.0,128.0,11.5,23.6,122.0,29.4,30.2,25.9,20.7,0.264,0.304,0.382,0.366,0.0,0.0,0.0,0.0,0.0,0.0,0.0,0.0,0.0,0.0
2024-07-23 19:30:00,45496.0,0.8125,22.5,64.9,2235,暴雨~大雨,PID,28.35,88.5,0.0,0.0,26.299999999999997,34.35,0.0,0.0,0.0,0.0,3.0,999.0,996.7,89.5,0.0,0.0,89.5,0.01,0.435,20.7,126.5,10.9,23.200000000000003,120.5,29.25,30.1,25.95,20.7,0.264,0.304,0.382,0.366,0.0,0.0,0.0,0.0,0.0,0.0,0.0,0.0,0.0,0.0
2024-07-23 20:00:00,45496.0,0.833333333333333,21.3,64.5,2271,暴雨~大雨,PID,28.1,89.0,0.0,0.0,26.2,34.1,0.0,0.0,0.0,0.0,3.0,999.0,996.7,94.0,0.0,0.0,94.0,0.01,0.4,19.4,125.0,10.3,22.8,119.0,29.1,30.0,26.0,20.7,0.264,0.304,0.382,0.366,0.0,0.0,0.0,0.0,0.0,0.0,0.0,0.0,0.0,0.0
2024-07-23 20:30:00,45496.0,0.854166666666667,21.1,64.6,2338,暴雨~大雨,PID,27.85,90.0,0.0,0.0,26.1,33.85,0.0,0.0,0.0,0.0,2.5,998.95,996.6500000000001,77.5,0.0,0.0,77.5,0.005,0.37,18.5,124.5,10.05,22.450000000000003,118.5,28.9,29.95,26.0,20.7,0.264,0.304,0.382,0.366,0.0,0.0,0.0,0.0,0.0,0.0,0.0,0.0,0.0,0.0
2024-07-23 21:00:00,45496.0,0.875,20.3,64.5,2262,暴雨~大雨,PID,27.6,91.0,0.0,0.0,26.0,33.6,0.0,0.0,0.0,0.0,2.0,998.9,996.6,61.0,0.0,0.0,61.0,0.0,0.34,17.6,124.0,9.8,22.1,118.0,28.7,29.9,26.0,20.7,0.264,0.304,0.382,0.366,0.0,0.0,0.0,0.0,0.0,0.0,0.0,0.0,0.0,0.0
2024-07-23 21:30:00,45496.0,0.895833333333333,20.2,64.7,2319,暴雨~大雨,PID,27.65,90.5,2.5,7.5,26.0,33.6,0.0,0.0,0.0,0.0,2.5,998.95,996.6500000000001,78.5,0.0,0.0,78.5,0.015000000000000001,0.345,17.450000000000003,123.0,10.05,21.65,116.5,28.6,29.799999999999997,26.0,20.7,0.2645,0.304,0.382,0.366,10.0,23.45,10.0,41.6,93.3,13.199999999999998,30.95,16.85,5.6,22.45
2024-07-23 22:00:00,45496.0,0.916666666666667,20.1,65.0,2334,暴雨~大雨,PID,27.7,90.0,5.0,15.0,26.0,33.6,0.0,0.0,0.0,0.0,3.0,999.0,996.7,96.0,0.0,0.0,96.0,0.03,0.35,17.3,122.0,10.3,21.2,115.0,28.5,29.7,26.0,20.7,0.265,0.304,0.382,0.366,20.0,46.9,20.0,83.2,186.6,26.4,61.9,33.7,11.2,44.9
2024-07-23 22:30:00,45496.0,0.9375,20.1,65.4,2170,暴雨~大雨,PID,28.2,89.0,29.5,49.0,26.2,34.2,0.0,0.0,0.0,0.0,3.0,999.15,996.85,98.0,0.0,0.0,98.0,0.065,0.415,18.35,122.5,10.600000000000001,20.25,116.0,28.65,29.6,26.0,20.7,0.265,0.304,0.382,0.366,78.5,133.75,78.5,203.8,324.0,110.6,187.79999999999998,75.85,44.0,119.85
2024-07-23 23:00:00,45496.0,0.958333333333333,20.1,65.9,2289,暴雨~大雨,PID,28.7,88.0,54.0,83.0,26.4,34.8,0.0,0.0,0.0,0.0,3.0,999.3,997.0,100.0,0.0,0.0,100.0,0.1,0.48,19.4,123.0,10.9,19.3,117.0,28.8,29.5,26.0,20.7,0.265,0.304,0.382,0.366,137.0,220.6,137.0,324.4,461.4,194.8,313.7,118.0,76.8,194.8
2024-07-23 23:30:00,45496.0,0.979166666666667,20.1,66.4,2289,暴雨~大雨,PID,29.35,85.5,118.5,107.0,26.6,35.65,0.0,0.0,0.0,0.0,3.0,999.2,996.95,100.0,0.0,0.0,100.0,0.165,0.595,19.95,121.0,10.45,16.65,116.5,29.200000000000003,29.45,26.0,20.7,0.265,0.304,0.382,0.366,225.5,314.75,225.5,458.8,591.2,288.25,405.35,138.6,149.60000000000002,288.25
2024-07-24 00:00:00,45497.0,0.0,20.2,68.3,2234,雾~多云,PID,30.0,83.0,183.0,131.0,26.8,36.5,0.0,0.0,0.0,0.0,3.0,999.1,996.9,100.0,0.0,0.0,100.0,0.23,0.71,20.5,119.0,10.0,14.0,116.0,29.6,29.4,26.0,20.7,0.265,0.304,0.382,0.366,314.0,408.9,314.0,593.2,721.0,381.7,497.0,159.2,222.4,381.7
2024-07-24 00:30:00,45497.0,0.0208333333333333,20.4,69.0,2276,雾~多云,PID,30.7,81.5,220.0,170.0,27.1,37.25,0.0,0.0,0.0,0.0,2.5,999.4000000000001,997.2,86.0,0.0,0.0,86.0,0.29,0.8200000000000001,22.150000000000002,119.5,11.1,14.9,117.0,30.65,29.45,26.0,20.7,0.264,0.3035,0.382,0.366,390.0,407.75,390.0,715.5,834.4,454.45000000000005,478.5,197.8,256.55,454.45000000000005
2024-07-24 01:00:00,45497.0,0.0416666666666667,20.7,69.8,2169,雾~多云,PID,31.4,80.0,257.0,209.0,27.4,38.0,0.0,0.0,0.0,0.0,2.0,999.7,997.5,72.0,0.0,0.0,72.0,0.35,0.93,23.8,120.0,12.2,15.8,118.0,31.7,29.5,26.0,20.7,0.263,0.303,0.382,0.366,466.0,406.6,466.0,837.8,947.8,527.2,460.0,236.4,290.7,527.2
2024-07-24 01:30:00,45497.0,0.0625,21,70.5,2260,雾~多云,PID,32.05,77.0,387.0,187.0,27.4,38.949999999999996,0.0,0.0,0.0,0.0,1.5,999.6500000000001,997.45,54.0,0.0,0.0,54.0,0.435,1.115,25.05,122.0,12.85,16.6,121.0,32.1,29.55,26.0,20.7,0.2625,0.3025,0.3815,0.366,574.0,532.25,574.0,939.65,1037.0,632.3,585.7,207.4,424.85,632.3
2024-07-24 02:00:00,45497.0,0.0833333333333333,21.2,71.2,2244,雾~多云,PID,32.7,74.0,517.0,165.0,27.4,39.9,0.0,0.0,0.0,0.0,1.0,999.6,997.4,36.0,0.0,0.0,36.0,0.52,1.3,26.3,124.0,13.5,17.4,124.0,32.5,29.6,26.0,20.7,0.262,0.302,0.381,0.366,682.0,657.9,682.0,1041.5,1126.2,737.4,711.4,178.4,559.0,737.4
2024-07-24 02:30:00,45497.0,0.104166666666667,21.6,72.0,2285,雾~多云,PID,33.2,72.0,581.0,166.5,27.45,40.7,0.0,0.0,0.0,0.0,1.5,999.55,997.3499999999999,55.5,0.0,0.0,55.5,0.5700000000000001,1.4300000000000002,27.200000000000003,124.0,13.9,18.049999999999997,124.0,32.95,29.700000000000003,26.0,20.7,0.261,0.3015,0.381,0.366,747.5,687.9499999999999,747.5,1116.05,1185.15,793.5,730.8499999999999,177.0,616.5,793.5
2024-07-24 03:00:00,45497.0,0.125,21.9,72.6,2266,雾~多云,PID,33.7,70.0,645.0,168.0,27.5,41.5,0.0,0.0,0.0,0.0,2.0,999.5,997.3,75.0,0.0,0.0,75.0,0.62,1.56,28.1,124.0,14.3,18.7,124.0,33.4,29.8,26.0,20.7,0.26,0.301,0.381,0.366,813.0,718.0,813.0,1190.6,1244.1,849.6,750.3,175.6,674.0,849.6
2024-07-24 03:30:00,45497.0,0.145833333333333,22.2,73.2,2229,雾~多云,PID,34.05,68.0,677.0,172.0,27.3,41.85,0.0,0.0,0.0,0.0,1.5,999.3,997.0999999999999,57.5,0.0,0.0,57.5,0.655,1.705,28.25,125.0,14.4,18.65,124.5,33.8,29.9,26.0,20.7,0.259,0.3005,0.381,0.366,849.0,727.6,849.0,1232.65,1268.8,873.8,749.15,177.1,696.75,873.8
2024-07-24 04:00:00,45497.0,0.166666666666667,22.5,73.8,2297,雾~多云,PID,34.4,66.0,709.0,176.0,27.1,42.2,0.0,0.0,0.0,0.0,1.0,999.1,996.9,40.0,0.0,0.0,40.0,0.69,1.85,28.4,126.0,14.5,18.6,125.0,34.2,30.0,26.0,20.7,0.258,0.3,0.381,0.366,885.0,737.2,885.0,1274.7,1293.5,898.0,748.0,178.6,719.5,898.0
2024-07-24 04:30:00,45497.0,0.1875,22.9,74.3,2235,雾~多云,PID,34.599999999999994,64.5,718.5,173.5,26.950000000000003,42.3,0.0,0.0,0.0,0.0,1.5,998.85,996.65,46.5,0.0,0.0,46.5,0.7,1.94,28.4,126.0,14.6,18.700000000000003,125.5,34.5,30.1,26.0,20.7,0.257,0.2995,0.3805,0.366,892.0,743.1,892.0,1281.45,1282.25,892.5,743.5,173.64999999999998,718.85,892.5
2024-07-24 05:00:00,45497.0,0.208333333333333,23.2,74.7,2309,雾~多云,PID,34.8,63.0,728.0,171.0,26.8,42.4,0.0,0.0,0.0,0.0,2.0,998.6,996.4,53.0,0.0,0.0,53.0,0.71,2.03,28.4,126.0,14.7,18.8,126.0,34.8,30.2,26.0,20.7,0.256,0.299,0.38,0.366,899.0,749.0,899.0,1288.2,1271.0,887.0,739.0,168.7,718.2,887.0
2024-07-24 05:30:00,45497.0,0.229166666666667,23.5,75.0,2227,雾~多云,PID,34.9,62.5,704.5,169.0,26.75,42.349999999999994,0.0,0.0,0.0,0.0,2.0,998.3,996.0999999999999,63.0,0.0,0.0,63.0,0.6950000000000001,2.07,28.6,125.5,14.899999999999999,19.25,124.5,35.0,30.299999999999997,26.05,20.7,0.255,0.2985,0.38,0.366,873.5,741.35,873.5,1259.2,1224.55,849.55,720.8,164.3,685.1500000000001,849.55
2024-07-24 06:00:00,45497.0,0.25,23.8,75.3,2526,雾~多云,PID,35.0,62.0,681.0,167.0,26.7,42.3,0.0,0.0,0.0,0.0,2.0,998.0,995.8,73.0,0.0,0.0,73.0,0.68,2.11,28.8,125.0,15.1,19.7,123.0,35.2,30.4,26.1,20.7,0.254,0.298,0.38,0.366,848.0,733.7,848.0,1230.2,1178.1,812.1,702.6,159.9,652.1,812.1
2024-07-24 06:30:00,45497.0,0.270833333333333,24,75.4,2465,雾~多云,PID,34.85,62.0,615.0,172.5,26.6,41.599999999999994,0.0,0.0,0.0,0.0,2.5,997.8,995.5999999999999,86.5,1.0,0.0,86.5,0.64,2.095,29.9,125.5,16.1,21.2,124.0,35.150000000000006,30.5,26.1,20.7,0.2535,0.2975,0.3795,0.366,787.5,696.25,787.5,1167.35,1099.55,742.1,655.8,162.25,579.8,742.1
2024-07-24 07:00:00,45497.0,0.291666666666667,24.3,75.5,2431,雾~多云,PID,34.7,62.0,549.0,178.0,26.5,40.9,0.0,0.0,0.0,0.0,3.0,997.6,995.4,100.0,2.0,0.0,100.0,0.6,2.08,31.0,126.0,17.1,22.7,125.0,35.1,30.6,26.1,20.7,0.253,0.297,0.379,0.366,727.0,658.8,727.0,1104.5,1021.0,672.1,609.0,164.6,507.5,672.1
2024-07-24 07:30:00,45497.0,0.3125,24.5,75.4,2596,雾~多云,PID,34.3,62.0,451.5,185.0,26.1,39.599999999999994,0.0,0.0,0.0,0.0,3.0,997.5,995.3,99.5,1.5,0.5,99.5,0.5399999999999999,2.035,32.4,124.0,18.25,24.7,123.0,34.900000000000006,30.700000000000003,26.1,20.7,0.252,0.2965,0.379,0.366,636.5,584.5,636.5,1012.1,915.8,576.65,529.35,166.89999999999998,409.75,576.65
2024-07-24 08:00:00,45497.0,0.333333333333333,25.6,75.5,2284,雾~多云,PID,33.9,62.0,354.0,192.0,25.7,38.3,0.0,0.0,0.0,0.0,3.0,997.4,995.2,99.0,1.0,1.0,99.0,0.48,1.99,33.8,122.0,19.4,26.7,121.0,34.7,30.8,26.1,20.7,0.251,0.296,0.379,0.366,546.0,510.2,546.0,919.7,810.6,481.2,449.7,169.2,312.0,481.2
2024-07-24 08:30:00,45497.0,0.354166666666667,25.7,75.3,2225,雾~多云,PID,33.45,64.5,263.5,183.5,25.85,38.05,0.0,0.0,0.0,0.0,2.5,997.3499999999999,995.1500000000001,88.0,0.5,0.5,88.0,0.405,1.835,34.0,121.0,18.799999999999997,27.299999999999997,120.5,34.3,30.85,26.1,20.7,0.2505,0.296,0.379,0.366,447.0,421.65,447.0,804.05,685.85,382.4,360.6,155.9,226.5,382.4
2024-07-24 09:00:00,45497.0,0.375,26.7,75.2,2215,雾~多云,PID,33.0,67.0,173.0,175.0,26.0,37.8,0.0,0.0,0.0,0.0,2.0,997.3,995.1,77.0,0.0,0.0,77.0,0.33,1.68,34.2,120.0,18.2,27.9,120.0,33.9,30.9,26.1,20.7,0.25,0.296,0.379,0.366,348.0,333.1,348.0,688.4,561.1,283.6,271.5,142.6,141.0,283.6
2024-07-24 09:30:00,45497.0,0.395833333333333,26.7,74.8,2239,雾~多云,PID,32.5,68.5,126.0,141.5,25.9,37.3,0.0,0.0,0.0,0.0,1.0,997.4,995.2,45.0,0.0,0.0,45.0,0.27,1.555,32.75,119.5,17.65,28.35,119.0,33.5,30.95,26.1,20.7,0.25,0.2955,0.3785,0.366,267.5,289.35,267.5,557.35,425.3,205.3,219.15,107.94999999999999,97.3,205.3
2024-07-24 10:00:00,45497.0,0.416666666666667,25.7,74.0,2279,雾~多云,PID,32.0,70.0,79.0,108.0,25.8,36.8,0.0,0.0,0.0,0.0,0.0,997.5,995.3,13.0,0.0,0.0,13.0,0.21,1.43,31.3,119.0,17.1,28.8,118.0,33.1,31.0,26.1,20.7,0.25,0.295,0.378,0.366,187.0,245.6,187.0,426.3,289.5,127.0,166.8,73.3,53.6,127.0
2024-07-24 10:30:00,45497.0,0.4375,25.6,73.4,2308,雾~多云,PID,31.5,70.0,50.0,70.5,25.3,36.0,0.0,0.0,0.0,0.0,0.0,997.55,995.3499999999999,11.5,0.0,0.0,11.5,0.16499999999999998,1.395,30.25,121.0,16.8,29.25,120.0,32.6,31.0,26.1,20.7,0.25,0.295,0.378,0.366,120.5,195.0,120.5,288.85,151.9,65.5,88.75,38.199999999999996,27.8,66.04999999999998
2024-07-24 11:00:00,45497.0,0.458333333333333,24.6,72.5,2466,雾~多云,PID,31.0,70.0,21.0,33.0,24.8,35.2,0.0,0.0,0.0,0.0,0.0,997.6,995.4,10.0,0.0,0.0,10.0,0.12,1.36,29.2,123.0,16.5,29.7,122.0,32.1,31.0,26.1,20.7,0.25,0.295,0.378,0.366,54.0,144.4,54.0,151.4,14.3,4.0,10.7,3.1,2.0,5.1
2024-07-24 11:30:00,45497.0,0.479166666666667,24.5,71.8,2445,雾~多云,PID,30.75,70.0,10.5,16.5,24.6,34.75,0.0,0.0,0.0,0.0,0.0,997.9000000000001,995.7,6.0,0.0,0.0,6.0,0.105,1.34,29.35,121.5,16.85,30.1,120.5,31.75,30.95,26.15,20.7,0.25,0.295,0.378,0.366,27.0,72.2,27.0,75.7,7.1499999999999995,2.0,5.35,1.55,1.0,2.55
2024-07-24 12:00:00,45497.0,0.5,25.1,71.3,2609,雾~多云,PID,30.5,70.0,0.0,0.0,24.4,34.3,0.0,0.0,0.0,0.0,0.0,998.2,996.0,2.0,0.0,0.0,2.0,0.09,1.32,29.5,120.0,17.2,30.5,119.0,31.4,30.9,26.2,20.7,0.25,0.295,0.378,0.366,0.0,0.0,0.0,0.0,0.0,0.0,0.0,0.0,0.0,0.0
2024-07-24 12:30:00,45497.0,0.520833333333333,24.9,70.6,2555,雾~多云,PID,30.55,70.5,0.0,0.0,24.6,34.5,0.0,0.0,0.0,0.0,0.0,998.55,996.35,1.5,0.0,0.0,1.5,0.08499999999999999,1.29,30.05,118.5,17.299999999999997,30.55,116.5,31.45,30.75,26.2,20.75,0.249,0.294,0.3785,0.366,0.0,0.0,0.0,0.0,0.0,0.0,0.0,0.0,0.0,0.0
2024-07-24 13:00:00,45497.0,0.541666666666667,25.3,70.1,2419,雾~多云,PID,30.6,71.0,0.0,0.0,24.8,34.7,0.0,0.0,0.0,0.0,0.0,998.9,996.7,1.0,0.0,0.0,1.0,0.08,1.26,30.6,117.0,17.4,30.6,114.0,31.5,30.6,26.2,20.8,0.248,0.293,0.379,0.366,0.0,0.0,0.0,0.0,0.0,0.0,0.0,0.0,0.0,0.0
2024-07-24 13:30:00,45497.0,0.5625,25,69.3,2295,雾~多云,PID,30.3,72.5,0.0,0.0,24.85,34.45,0.0,0.0,0.0,0.0,0.0,999.0,996.8,9.5,0.0,0.0,9.5,0.07500000000000001,1.175,30.25,115.0,17.0,30.200000000000003,113.0,31.15,30.6,26.2,20.8,0.248,0.293,0.3785,0.366,0.0,0.0,0.0,0.0,0.0,0.0,0.0,0.0,0.0,0.0
2024-07-24 14:00:00,45497.0,0.583333333333333,23.8,68.3,2243,雾~多云,PID,30.0,74.0,0.0,0.0,24.9,34.2,0.0,0.0,0.0,0.0,0.0,999.1,996.9,18.0,0.0,0.0,18.0,0.07,1.09,29.9,113.0,16.6,29.8,112.0,30.8,30.6,26.2,20.8,0.248,0.293,0.378,0.366,0.0,0.0,0.0,0.0,0.0,0.0,0.0,0.0,0.0,0.0
2024-07-24 14:30:00,45497.0,0.604166666666667,23.5,67.7,2265,雾~多云,PID,29.75,75.0,0.0,0.0,24.9,33.95,0.0,0.0,0.0,0.0,1.5,999.1,996.8499999999999,59.0,0.0,0.0,59.0,0.065,1.03,29.35,113.5,16.450000000000003,29.5,112.0,30.55,30.55,26.2,20.8,0.248,0.293,0.378,0.366,0.0,0.0,0.0,0.0,0.0,0.0,0.0,0.0,0.0,0.0
2024-07-24 15:00:00,45497.0,0.625,22.6,66.8,2320,雾~多云,PID,29.5,76.0,0.0,0.0,24.9,33.7,0.0,0.0,0.0,0.0,3.0,999.1,996.8,100.0,0.0,0.0,100.0,0.06,0.97,28.8,114.0,16.3,29.2,112.0,30.3,30.5,26.2,20.8,0.248,0.293,0.378,0.366,0.0,0.0,0.0,0.0,0.0,0.0,0.0,0.0,0.0,0.0
2024-07-24 15:30:00,45497.0,0.645833333333333,22.2,66.2,2333,雾~多云,PID,29.2,78.0,0.0,0.0,24.95,33.650000000000006,0.0,0.0,0.0,0.0,1.5,999.1500000000001,996.8499999999999,52.0,0.5,0.0,51.5,0.05,0.895,28.450000000000003,114.0,15.350000000000001,27.65,112.0,30.1,30.4,26.2,20.8,0.248,0.293,0.378,0.366,0.0,0.0,0.0,0.0,0.0,0.0,0.0,0.0,0.0,0.0
2024-07-24 16:00:00,45497.0,0.666666666666667,21.9,65.7,2347,雾~多云,PID,28.9,80.0,0.0,0.0,25.0,33.6,0.0,0.0,0.0,0.0,0.0,999.2,996.9,4.0,1.0,0.0,3.0,0.04,0.82,28.1,114.0,14.4,26.1,112.0,29.9,30.3,26.2,20.8,0.248,0.293,0.378,0.366,0.0,0.0,0.0,0.0,0.0,0.0,0.0,0.0,0.0,0.0
2024-07-24 16:30:00,45497.0,0.6875,21.6,65.3,2341,雾~多云,PID,28.65,81.5,0.0,0.0,25.1,33.5,0.0,0.0,0.0,0.0,0.0,998.75,996.45,2.5,1.0,0.0,1.5,0.035,0.74,26.3,113.5,13.850000000000001,25.15,110.5,29.7,30.25,26.2,20.8,0.248,0.293,0.378,0.366,0.0,0.0,0.0,0.0,0.0,0.0,0.0,0.0,0.0,0.0
2024-07-24 17:00:00,45497.0,0.708333333333333,21.3,64.9,2339,雾~多云,PID,28.4,83.0,0.0,0.0,25.2,33.4,0.0,0.0,0.0,0.0,0.0,998.3,996.0,1.0,1.0,0.0,0.0,0.03,0.66,24.5,113.0,13.3,24.2,109.0,29.5,30.2,26.2,20.8,0.248,0.293,0.378,0.366,0.0,0.0,0.0,0.0,0.0,0.0,0.0,0.0,0.0,0.0
2024-07-24 17:30:00,45497.0,0.729166666666667,21,64.6,2477,雾~多云,PID,28.25,84.0,0.0,0.0,25.25,33.15,0.0,0.0,0.0,0.0,0.0,998.2,995.9,0.5,0.5,0.0,0.0,0.03,0.615,24.85,109.0,13.95,24.95,104.5,29.35,30.15,26.2,20.8,0.2485,0.293,0.378,0.366,0.0,0.0,0.0,0.0,0.0,0.0,0.0,0.0,0.0,0.0
2024-07-24 18:00:00,45497.0,0.75,21.6,64.7,2480,雾~多云,PID,28.1,85.0,0.0,0.0,25.3,32.9,0.0,0.0,0.0,0.0,0.0,998.1,995.8,0.0,0.0,0.0,0.0,0.03,0.57,25.2,105.0,14.6,25.7,100.0,29.2,30.1,26.2,20.8,0.249,0.293,0.378,0.366,0.0,0.0,0.0,0.0,0.0,0.0,0.0,0.0,0.0,0.0
2024-07-24 18:30:00,45497.0,0.770833333333333,21.4,64.6,2397,雾~多云,PID,27.950000000000003,86.0,0.0,0.0,25.3,32.599999999999994,0.0,0.0,0.0,0.0,0.5,997.9000000000001,995.5999999999999,11.5,0.5,0.0,11.5,0.03,0.5349999999999999,26.45,104.0,15.549999999999999,26.85,100.0,29.049999999999997,30.0,26.2,20.8,0.249,0.293,0.378,0.366,0.0,0.0,0.0,0.0,0.0,0.0,0.0,0.0,0.0,0.0
2024-07-24 19:00:00,45497.0,0.791666666666667,21.8,64.8,2278,雾~多云,PID,27.8,87.0,0.0,0.0,25.3,32.3,0.0,0.0,0.0,0.0,1.0,997.7,995.4,23.0,1.0,0.0,23.0,0.03,0.5,27.7,103.0,16.5,28.0,100.0,28.9,29.9,26.2,20.8,0.249,0.293,0.378,0.366,0.0,0.0,0.0,0.0,0.0,0.0,0.0,0.0,0.0,0.0
2024-07-24 19:30:00,45497.0,0.8125,21.6,64.9,2260,雾~多云,PID,27.700000000000003,87.0,0.0,0.0,25.25,32.15,0.0,0.0,0.0,0.0,0.5,997.4000000000001,995.0999999999999,17.5,0.5,0.0,17.5,0.03,0.495,27.9,101.5,16.4,28.1,99.0,28.799999999999997,29.85,26.25,20.8,0.249,0.293,0.378,0.366,0.0,0.0,0.0,0.0,0.0,0.0,0.0,0.0,0.0,0.0
2024-07-24 20:00:00,45497.0,0.833333333333333,20.6,64.9,2293,雾~多云,PID,27.6,87.0,0.0,0.0,25.2,32.0,0.0,0.0,0.0,0.0,0.0,997.1,994.8,12.0,0.0,0.0,12.0,0.03,0.49,28.1,100.0,16.3,28.2,98.0,28.7,29.8,26.3,20.8,0.249,0.293,0.378,0.366,0.0,0.0,0.0,0.0,0.0,0.0,0.0,0.0,0.0,0.0
2024-07-24 20:30:00,45497.0,0.854166666666667,20.5,65.2,2324,雾~多云,PID,27.5,87.0,0.0,0.0,25.15,31.85,0.0,0.0,0.0,0.0,1.5,997.1500000000001,994.8499999999999,56.0,0.5,0.0,56.0,0.03,0.48,29.0,100.5,16.9,28.95,98.0,28.549999999999997,29.700000000000003,26.3,20.8,0.249,0.293,0.378,0.366,0.0,0.0,0.0,0.0,0.0,0.0,0.0,0.0,0.0,0.0
2024-07-24 21:00:00,45497.0,0.875,19.8,65.4,2407,雾~多云,PID,27.4,87.0,0.0,0.0,25.1,31.7,0.0,0.0,0.0,0.0,3.0,997.2,994.9,100.0,1.0,0.0,100.0,0.03,0.47,29.9,101.0,17.5,29.7,98.0,28.4,29.6,26.3,20.8,0.249,0.293,0.378,0.366,0.0,0.0,0.0,0.0,0.0,0.0,0.0,0.0,0.0,0.0
2024-07-24 21:30:00,45497.0,0.895833333333333,19.8,65.8,2320,雾~多云,PID,27.5,87.0,1.5,7.5,25.15,31.799999999999997,0.0,0.0,0.0,0.0,3.0,997.4000000000001,995.0999999999999,100.0,1.0,0.0,100.0,0.04,0.485,30.25,101.0,17.7,29.549999999999997,98.5,28.35,29.55,26.3,20.8,0.2495,0.293,0.378,0.366,9.0,14.2,9.0,40.95,92.0,11.8,18.65,16.85,3.3499999999999996,20.25
2024-07-24 22:00:00,45497.0,0.916666666666667,19.9,66.4,2223,雾~多云,PID,27.6,87.0,3.0,15.0,25.2,31.9,0.0,0.0,0.0,0.0,3.0,997.6,995.3,100.0,1.0,0.0,100.0,0.05,0.5,30.6,101.0,17.9,29.4,99.0,28.3,29.5,26.3,20.8,0.25,0.293,0.378,0.366,18.0,28.4,18.0,81.9,184.0,23.6,37.3,33.7,6.7,40.5
2024-07-24 22:30:00,45497.0,0.9375,19.9,67.0,2218,雾~多云,PID,28.05,85.5,28.0,47.0,25.35,32.349999999999994,0.0,0.0,0.0,0.0,3.0,997.7,995.4,98.5,3.0,0.0,98.5,0.08499999999999999,0.565,33.1,102.0,18.299999999999997,28.549999999999997,100.0,28.450000000000003,29.4,26.3,20.8,0.25,0.293,0.378,0.366,75.0,123.29999999999998,75.0,201.95,321.6,105.9,174.2,73.15,41.15,114.35
2024-07-24 23:00:00,45497.0,0.958333333333333,20.1,67.6,2312,雾~多云,PID,28.5,84.0,53.0,79.0,25.5,32.8,0.0,0.0,0.0,0.0,3.0,997.8,995.5,97.0,5.0,0.0,97.0,0.12,0.63,35.6,103.0,18.7,27.7,101.0,28.6,29.3,26.3,20.8,0.25,0.293,0.378,0.366,132.0,218.2,132.0,322.0,459.2,188.2,311.1,112.6,75.6,188.2
2024-07-24 23:30:00,45497.0,0.979166666666667,20.2,68.3,2141,雾~多云,PID,29.0,81.5,110.5,106.5,25.45,32.849999999999994,0.0,0.0,0.0,0.0,3.0,997.9,995.6,98.0,13.5,0.5,98.0,0.18,0.75,40.1,106.5,21.6,30.85,105.5,28.9,29.25,26.3,20.8,0.2495,0.293,0.3775,0.366,217.0,297.45,217.0,456.6,589.2,277.79999999999995,384.70000000000005,137.8,140.0,277.79999999999995
2024-07-25 00:00:00,45498.0,0.0,18.7,77.2,2318,中雨~阴,PID,29.5,79.0,168.0,134.0,25.4,32.9,0.0,0.0,0.0,0.0,3.0,998.0,995.7,99.0,22.0,1.0,99.0,0.24,0.87,44.6,110.0,24.5,34.0,110.0,29.2,29.2,26.3,20.8,0.249,0.293,0.377,0.366,302.0,376.7,302.0,591.2,719.2,367.4,458.3,163.0,204.4,367.4
2024-07-25 00:30:00,45498.0,0.0208333333333333,18.9,78.0,2216,中雨~阴,PID,29.9,76.5,212.5,159.5,25.25,33.45,0.0,0.0,0.0,0.0,2.5,997.95,995.7,85.0,23.0,1.5,79.5,0.295,1.005,42.8,110.0,22.9,31.35,109.5,29.85,29.25,26.3,20.8,0.248,0.2925,0.377,0.366,372.0,392.05,372.0,713.7,832.75,433.79999999999995,459.70000000000005,186.2,247.64999999999998,433.79999999999995
2024-07-25 01:00:00,45498.0,0.0416666666666667,19.1,78.7,2224,中雨~阴,PID,30.3,74.0,257.0,185.0,25.1,34.0,0.0,0.0,0.0,0.0,2.0,997.9,995.7,71.0,24.0,2.0,60.0,0.35,1.14,41.0,110.0,21.3,28.7,109.0,30.5,29.3,26.3,20.8,0.247,0.292,0.377,0.366,442.0,407.4,442.0,836.2,946.3,500.2,461.1,209.4,290.9,500.2
2024-07-25 01:30:00,45498.0,0.0625,19.4,79.4,2233,中雨~阴,PID,30.8,71.5,282.0,212.0,25.0,34.25,0.0,0.0,0.0,0.0,2.0,998.05,995.85,61.0,32.5,2.0,38.5,0.395,1.2799999999999998,42.1,111.0,22.5,30.5,110.5,30.8,29.3,26.3,20.8,0.2465,0.2915,0.377,0.366,494.0,399.29999999999995,494.0,938.25,1035.6999999999998,545.35,442.1,233.95,311.45,545.35
2024-07-25 02:00:00,45498.0,0.0833333333333333,19.7,80.0,2221,中雨~阴,PID,31.3,69.0,307.0,239.0,24.9,34.5,0.0,0.0,0.0,0.0,2.0,998.2,996.0,51.0,41.0,2.0,17.0,0.44,1.42,43.2,112.0,23.7,32.3,112.0,31.1,29.3,26.3,20.8,0.246,0.291,0.377,0.366,546.0,391.2,546.0,1040.3,1125.1,590.5,423.1,258.5,332.0,590.5
2024-07-25 02:30:00,45498.0,0.104166666666667,20,80.0,2187,中雨~阴,PID,31.700000000000003,67.5,337.0,269.0,24.95,35.25,0.0,0.0,0.0,0.0,1.5,998.05,995.85,37.5,26.5,10.0,8.5,0.485,1.51,43.900000000000006,113.0,23.45,32.099999999999994,113.0,31.450000000000003,29.35,26.3,20.8,0.2455,0.2905,0.377,0.366,606.0,400.1,606.0,1114.9499999999998,1184.15,643.25,425.25,285.5,357.75,643.25
2024-07-25 03:00:00,45498.0,0.125,20.3,80.0,2376,中雨~阴,PID,32.1,66.0,367.0,299.0,25.0,36.0,0.0,0.0,0.0,0.0,1.0,997.9,995.7,24.0,12.0,18.0,0.0,0.53,1.6,44.6,114.0,23.2,31.9,114.0,31.8,29.4,26.3,20.8,0.245,0.29,0.377,0.366,666.0,409.0,666.0,1189.6,1243.2,696.0,427.4,312.5,383.5,696.0
2024-07-25 03:30:00,45498.0,0.145833333333333,20.7,80.0,2289,中雨~阴,PID,32.5,65.0,455.5,267.0,25.05,36.8,0.0,0.0,0.0,0.0,1.0,997.7,995.5,22.0,12.5,13.0,0.0,0.5700000000000001,1.7000000000000002,43.0,113.5,22.65,30.799999999999997,113.0,32.2,29.45,26.3,20.8,0.244,0.2895,0.3765,0.366,722.5,487.55,722.5,1231.75,1267.95,743.25,500.95,275.5,467.75,743.25
2024-07-25 04:00:00,45498.0,0.166666666666667,21,80.0,2234,中雨~阴,PID,32.9,64.0,544.0,235.0,25.1,37.6,0.0,0.0,0.0,0.0,1.0,997.5,995.3,20.0,13.0,8.0,0.0,0.61,1.8,41.4,113.0,22.1,29.7,112.0,32.6,29.5,26.3,20.8,0.243,0.289,0.376,0.366,779.0,566.1,779.0,1273.9,1292.7,790.5,574.5,238.5,552.0,790.5
2024-07-25 04:30:00,45498.0,0.1875,21.3,80.0,2335,中雨~阴,PID,33.2,62.0,593.0,223.5,24.950000000000003,37.8,0.0,0.0,0.0,0.0,1.5,997.3,995.0999999999999,42.0,15.0,32.5,0.0,0.645,1.9200000000000002,41.95,115.0,22.9,30.799999999999997,114.0,32.95,29.55,26.3,20.8,0.242,0.2885,0.376,0.366,816.5,613.6,816.5,1280.65,1281.4,816.5,613.35,223.85,592.7,816.5
2024-07-25 05:00:00,45498.0,0.208333333333333,21.7,80.0,2370,中雨~阴,PID,33.5,60.0,642.0,212.0,24.8,38.0,0.0,0.0,0.0,0.0,2.0,997.1,994.9,64.0,17.0,57.0,0.0,0.68,2.04,42.5,117.0,23.7,31.9,116.0,33.3,29.6,26.3,20.8,0.241,0.288,0.376,0.366,854.0,661.1,854.0,1287.4,1270.1,842.5,652.2,209.2,633.4,842.5
2024-07-25 05:30:00,45498.0,0.229166666666667,21.9,80.0,2281,中雨~阴,PID,33.45,59.0,494.5,260.0,24.450000000000003,37.3,0.0,0.0,0.0,0.0,2.0,996.85,994.65,68.0,28.0,56.0,0.5,0.625,2.0949999999999998,43.95,116.0,23.7,32.4,115.0,33.3,29.700000000000003,26.3,20.8,0.2405,0.2875,0.3755,0.366,754.5,517.65,754.5,1258.3500000000001,1223.6,734.85,505.25,252.04999999999998,482.85,734.85
2024-07-25 06:00:00,45498.0,0.25,22.2,80.0,2316,中雨~阴,PID,33.4,58.0,347.0,308.0,24.1,36.6,0.0,0.0,0.0,0.0,2.0,996.6,994.4,72.0,39.0,55.0,1.0,0.57,2.15,45.4,115.0,23.7,32.9,114.0,33.3,29.8,26.3,20.8,0.24,0.287,0.375,0.366,655.0,374.2,655.0,1229.3,1177.1,627.2,358.3,294.9,332.3,627.2
2024-07-25 06:30:00,45498.0,0.270833333333333,22.5,80.0,2523,中雨~阴,PID,33.5,58.0,319.5,295.5,24.15,36.6,0.0,0.0,0.0,0.0,2.0,996.4000000000001,994.2,65.5,43.0,38.5,0.5,0.5449999999999999,2.165,43.4,114.5,23.549999999999997,33.05,114.5,33.3,29.9,26.3,20.8,0.2395,0.2865,0.375,0.366,615.0,362.5,615.0,1166.3500000000001,1098.4499999999998,579.3,341.3,278.25,301.1,579.3
2024-07-25 07:00:00,45498.0,0.291666666666667,22.7,80.0,2349,中雨~阴,PID,33.6,58.0,292.0,283.0,24.2,36.6,0.0,0.0,0.0,0.0,2.0,996.2,994.0,59.0,47.0,22.0,0.0,0.52,2.18,41.4,114.0,23.4,33.2,115.0,33.3,30.0,26.3,20.8,0.239,0.286,0.375,0.366,575.0,350.8,575.0,1103.4,1019.8,531.4,324.3,261.6,269.9,531.4
2024-07-25 07:30:00,45498.0,0.3125,22.9,80.0,2372,中雨~阴,PID,33.45,59.0,272.0,249.0,24.35,36.55,0.0,0.0,0.0,0.0,1.5,996.05,993.85,43.0,34.0,15.0,0.0,0.48,2.115,41.599999999999994,112.0,22.549999999999997,32.5,112.0,33.2,30.05,26.3,20.8,0.238,0.286,0.375,0.366,521.0,357.3,521.0,1010.85,914.45,471.4,322.4,225.5,245.95,471.4
2024-07-25 08:00:00,45498.0,0.333333333333333,23.7,80.0,2309,中雨~阴,PID,33.3,60.0,252.0,215.0,24.5,36.5,0.0,0.0,0.0,0.0,1.0,995.9,993.7,27.0,21.0,8.0,0.0,0.44,2.05,41.8,110.0,21.7,31.8,109.0,33.1,30.1,26.3,20.8,0.237,0.286,0.375,0.366,467.0,363.8,467.0,918.3,809.1,411.4,320.5,189.4,222.0,411.4
2024-07-25 08:30:00,45498.0,0.354166666666667,23.8,80.0,2284,中雨~阴,PID,33.05,61.5,231.0,179.5,24.7,36.5,0.0,0.0,0.0,0.0,0.5,995.8499999999999,993.6500000000001,15.5,11.0,5.5,0.0,0.395,1.935,39.25,106.5,20.799999999999997,31.25,106.0,32.900000000000006,30.15,26.3,20.8,0.237,0.2855,0.3745,0.366,410.5,384.6,410.5,802.5,684.1500000000001,349.85,325.35,153.35,196.5,349.85
2024-07-25 09:00:00,45498.0,0.375,24.7,80.0,2365,中雨~阴,PID,32.8,63.0,210.0,144.0,24.9,36.5,0.0,0.0,0.0,0.0,0.0,995.8,993.6,4.0,1.0,3.0,0.0,0.35,1.82,36.7,103.0,19.9,30.7,103.0,32.7,30.2,26.3,20.8,0.237,0.285,0.374,0.366,354.0,405.4,354.0,686.7,559.2,288.3,330.2,117.3,171.0,288.3
2024-07-25 09:30:00,45498.0,0.395833333333333,24.7,80.0,2237,中雨~阴,PID,32.3,65.0,160.0,117.0,24.9,36.15,0.0,0.0,0.0,0.0,0.0,996.0,993.8,7.0,1.0,6.0,0.0,0.285,1.6800000000000002,35.1,103.5,19.15,30.7,102.5,32.400000000000006,30.2,26.35,20.85,0.2365,0.285,0.374,0.366,277.0,374.6,277.0,555.45,423.20000000000005,211.85000000000002,281.45,89.1,122.75,211.85000000000002
2024-07-25 10:00:00,45498.0,0.416666666666667,24,80.0,2299,中雨~阴,PID,31.8,67.0,110.0,90.0,24.9,35.8,0.0,0.0,0.0,0.0,0.0,996.2,994.0,10.0,1.0,9.0,0.0,0.22,1.54,33.5,104.0,18.4,30.7,102.0,32.1,30.2,26.4,20.9,0.236,0.285,0.374,0.366,200.0,343.8,200.0,424.2,287.2,135.4,232.7,60.9,74.5,135.4
2024-07-25 10:30:00,45498.0,0.4375,23.9,80.0,2323,中雨~阴,PID,31.35,68.5,64.0,61.0,24.799999999999997,35.3,0.0,0.0,0.0,0.0,0.0,996.5,994.3,13.5,1.5,12.0,0.0,0.16999999999999998,1.445,32.6,100.5,18.049999999999997,30.6,98.0,31.75,30.2,26.4,20.9,0.236,0.285,0.374,0.366,125.0,234.2,125.0,286.5,149.4,69.2,120.1,31.699999999999996,37.95,69.65
2024-07-25 11:00:00,45498.0,0.458333333333333,22.9,80.0,2532,中雨~阴,PID,30.9,70.0,18.0,32.0,24.7,34.8,0.0,0.0,0.0,0.0,0.0,996.8,994.6,17.0,2.0,15.0,0.0,0.12,1.35,31.7,97.0,17.7,30.5,94.0,31.4,30.2,26.4,20.9,0.236,0.285,0.374,0.366,50.0,124.6,50.0,148.8,11.6,3.0,7.5,2.5,1.4,3.9
2024-07-25 11:30:00,45498.0,0.479166666666667,22.8,80.0,2474,中雨~阴,PID,30.549999999999997,71.5,9.0,16.0,24.75,34.5,0.0,0.0,0.0,0.0,0.0,997.0,994.8,9.0,1.0,7.5,0.0,0.1,1.255,31.35,98.0,17.9,30.55,94.5,31.1,30.2,26.4,20.9,0.236,0.285,0.374,0.366,25.0,62.29999999999999,25.0,74.4,5.8,1.5,3.75,1.25,0.7,1.9500000000000002
2024-07-25 12:00:00,45498.0,0.5,23.5,79.8,2498,中雨~阴,PID,30.2,73.0,0.0,0.0,24.8,34.2,0.0,0.0,0.0,0.0,0.0,997.2,995.0,1.0,0.0,0.0,0.0,0.08,1.16,31.0,99.0,18.1,30.6,95.0,30.8,30.2,26.4,20.9,0.236,0.285,0.374,0.366,0.0,0.0,0.0,0.0,0.0,0.0,0.0,0.0,0.0,0.0
2024-07-25 12:30:00,45498.0,0.520833333333333,23.3,79.1,2417,中雨~阴,PID,30.1,74.0,0.0,0.0,24.950000000000003,34.2,0.0,0.0,0.0,0.0,0.0,997.75,995.55,1.0,0.0,0.0,0.0,0.07500000000000001,1.105,30.45,95.5,17.9,30.05,91.5,30.85,30.2,26.4,20.9,0.237,0.285,0.374,0.366,0.0,0.0,0.0,0.0,0.0,0.0,0.0,0.0,0.0,0.0
2024-07-25 13:00:00,45498.0,0.541666666666667,23.6,78.5,2300,中雨~阴,PID,30.0,75.0,0.0,0.0,25.1,34.2,0.0,0.0,0.0,0.0,0.0,998.3,996.1,1.0,0.0,0.0,0.0,0.07,1.05,29.9,92.0,17.7,29.5,88.0,30.9,30.2,26.4,20.9,0.238,0.285,0.374,0.366,0.0,0.0,0.0,0.0,0.0,0.0,0.0,0.0,0.0,0.0
2024-07-25 13:30:00,45498.0,0.5625,23.3,77.8,2333,中雨~阴,PID,29.7,76.0,0.0,0.0,25.0,33.75,0.0,0.0,0.0,0.0,0.0,998.25,996.0,0.5,0.0,0.0,0.0,0.065,1.0,30.799999999999997,94.5,18.049999999999997,30.35,90.5,30.6,30.15,26.4,20.9,0.2385,0.285,0.374,0.366,0.0,0.0,0.0,0.0,0.0,0.0,0.0,0.0,0.0,0.0
2024-07-25 14:00:00,45498.0,0.583333333333333,22.1,76.8,2348,中雨~阴,PID,29.4,77.0,0.0,0.0,24.9,33.3,0.0,0.0,0.0,0.0,0.0,998.2,995.9,0.0,0.0,0.0,0.0,0.06,0.95,31.7,97.0,18.4,31.2,93.0,30.3,30.1,26.4,20.9,0.239,0.285,0.374,0.366,0.0,0.0,0.0,0.0,0.0,0.0,0.0,0.0,0.0,0.0
2024-07-25 14:30:00,45498.0,0.604166666666667,21.8,76.1,2293,中雨~阴,PID,29.1,78.0,0.0,0.0,24.799999999999997,32.849999999999994,0.0,0.0,0.0,0.0,0.0,998.2,995.9,0.0,0.0,0.0,0.0,0.06,0.8949999999999999,32.6,97.0,19.15,31.9,93.5,30.05,30.05,26.4,20.9,0.239,0.285,0.374,0.366,0.0,0.0,0.0,0.0,0.0,0.0,0.0,0.0,0.0,0.0
2024-07-25 15:00:00,45498.0,0.625,20.8,75.3,2240,中雨~阴,PID,28.8,79.0,0.0,0.0,24.7,32.4,0.0,0.0,0.0,0.0,0.0,998.2,995.9,0.0,0.0,0.0,0.0,0.06,0.84,33.5,97.0,19.9,32.6,94.0,29.8,30.0,26.4,20.9,0.239,0.285,0.374,0.366,0.0,0.0,0.0,0.0,0.0,0.0,0.0,0.0,0.0,0.0
2024-07-25 15:30:00,45498.0,0.645833333333333,20.5,74.7,2281,中雨~阴,PID,28.5,80.5,0.0,0.0,24.75,32.1,0.0,0.0,0.0,0.0,0.0,998.2,995.9,1.5,1.5,0.0,0.0,0.055,0.7649999999999999,34.4,97.5,20.049999999999997,33.0,94.5,29.6,29.95,26.4,20.9,0.239,0.285,0.374,0.366,0.0,0.0,0.0,0.0,0.0,0.0,0.0,0.0,0.0,0.0
2024-07-25 16:00:00,45498.0,0.666666666666667,20.2,74.2,2335,中雨~阴,PID,28.2,82.0,0.0,0.0,24.8,31.8,0.0,0.0,0.0,0.0,0.0,998.2,995.9,3.0,3.0,0.0,0.0,0.05,0.69,35.3,98.0,20.2,33.4,95.0,29.4,29.9,26.4,20.9,0.239,0.285,0.374,0.366,0.0,0.0,0.0,0.0,0.0,0.0,0.0,0.0,0.0,0.0
2024-07-25 16:30:00,45498.0,0.6875,19.8,73.8,2315,中雨~阴,PID,28.0,82.5,0.0,0.0,24.75,31.700000000000003,0.0,0.0,0.0,0.0,0.0,997.85,995.55,2.0,2.0,0.0,0.0,0.045,0.655,35.099999999999994,97.0,19.45,32.45,93.5,29.2,29.85,26.4,20.9,0.239,0.285,0.3735,0.366,0.0,0.0,0.0,0.0,0.0,0.0,0.0,0.0,0.0,0.0
2024-07-25 17:00:00,45498.0,0.708333333333333,19.5,73.5,2428,中雨~阴,PID,27.8,83.0,0.0,0.0,24.7,31.6,0.0,0.0,0.0,0.0,0.0,997.5,995.2,1.0,1.0,0.0,0.0,0.04,0.62,34.9,96.0,18.7,31.5,92.0,29.0,29.8,26.4,20.9,0.239,0.285,0.373,0.366,0.0,0.0,0.0,0.0,0.0,0.0,0.0,0.0,0.0,0.0
2024-07-25 17:30:00,45498.0,0.729166666666667,19.2,73.2,2541,中雨~阴,PID,27.700000000000003,83.0,0.0,0.0,24.65,31.35,0.0,0.0,0.0,0.0,0.0,997.2,994.9000000000001,1.5,1.5,0.0,0.0,0.04,0.615,34.75,96.0,19.45,32.4,92.0,28.85,29.75,26.4,20.9,0.239,0.285,0.373,0.366,0.0,0.0,0.0,0.0,0.0,0.0,0.0,0.0,0.0,0.0
2024-07-25 18:00:00,45498.0,0.75,19.6,73.2,2503,中雨~阴,PID,27.6,83.0,0.0,0.0,24.6,31.1,0.0,0.0,0.0,0.0,0.0,996.9,994.6,2.0,2.0,0.0,0.0,0.04,0.61,34.6,96.0,20.2,33.3,92.0,28.7,29.7,26.4,20.9,0.239,0.285,0.373,0.366,0.0,0.0,0.0,0.0,0.0,0.0,0.0,0.0,0.0,0.0
2024-07-25 18:30:00,45498.0,0.770833333333333,19.3,73.2,2413,中雨~阴,PID,27.6,83.0,0.0,0.0,24.55,31.1,0.0,0.0,0.0,0.0,0.0,996.9,994.6,3.0,3.0,0.0,0.0,0.04,0.61,34.75,96.5,20.2,33.349999999999994,93.0,28.6,29.6,26.4,20.9,0.2395,0.285,0.373,0.366,0.0,0.0,0.0,0.0,0.0,0.0,0.0,0.0,0.0,0.0
2024-07-25 19:00:00,45498.0,0.791666666666667,19.9,73.5,2409,中雨~阴,PID,27.6,83.0,0.0,0.0,24.5,31.1,0.0,0.0,0.0,0.0,0.0,996.9,994.6,4.0,4.0,0.0,0.0,0.04,0.61,34.9,97.0,20.2,33.4,94.0,28.5,29.5,26.4,20.9,0.24,0.285,0.373,0.366,0.0,0.0,0.0,0.0,0.0,0.0,0.0,0.0,0.0,0.0
2024-07-25 19:30:00,45498.0,0.8125,19.7,73.6,2391,中雨~阴,PID,27.55,83.5,0.0,0.0,24.5,31.05,0.0,0.0,0.0,0.0,0.0,996.75,994.45,6.5,6.5,0.0,0.0,0.04,0.6,34.75,94.0,20.2,33.25,90.5,28.4,29.45,26.45,20.9,0.24,0.285,0.373,0.366,0.0,0.0,0.0,0.0,0.0,0.0,0.0,0.0,0.0,0.0
2024-07-25 20:00:00,45498.0,0.833333333333333,19,73.6,2220,中雨~阴,PID,27.5,84.0,0.0,0.0,24.5,31.0,0.0,0.0,0.0,0.0,0.0,996.6,994.3,9.0,9.0,0.0,0.0,0.04,0.59,34.6,91.0,20.2,33.1,87.0,28.3,29.4,26.5,20.9,0.24,0.285,0.373,0.366,0.0,0.0,0.0,0.0,0.0,0.0,0.0,0.0,0.0,0.0
2024-07-25 20:30:00,45498.0,0.854166666666667,18.9,74.0,2237,中雨~阴,PID,27.45,84.0,0.0,0.0,24.5,30.9,0.0,0.0,0.0,0.0,0.0,996.6,994.3,8.5,5.0,3.5,0.0,0.04,0.59,35.1,89.5,20.4,33.5,85.5,28.200000000000003,29.35,26.5,20.9,0.24,0.285,0.373,0.366,0.0,0.0,0.0,0.0,0.0,0.0,0.0,0.0,0.0,0.0
2024-07-25 21:00:00,45498.0,0.875,18.2,74.2,2234,中雨~阴,PID,27.4,84.0,0.0,0.0,24.5,30.8,0.0,0.0,0.0,0.0,0.0,996.6,994.3,8.0,1.0,7.0,0.0,0.04,0.59,35.6,88.0,20.6,33.9,84.0,28.1,29.3,26.5,20.9,0.24,0.285,0.373,0.366,0.0,0.0,0.0,0.0,0.0,0.0,0.0,0.0,0.0,0.0
2024-07-25 21:30:00,45498.0,0.895833333333333,18.2,74.7,2199,中雨~阴,PID,27.5,84.0,1.5,6.5,24.6,30.950000000000003,0.0,0.0,0.0,0.0,1.5,996.85,994.55,50.0,1.5,49.5,0.0,0.05,0.59,35.8,87.5,20.8,33.9,83.5,28.1,29.200000000000003,26.5,20.9,0.24,0.285,0.373,0.366,8.0,14.350000000000001,8.0,40.3,90.7,10.45,18.7,14.65,3.4000000000000004,18.0
2024-07-25 22:00:00,45498.0,0.916666666666667,18.2,75.2,2350,中雨~阴,PID,27.6,84.0,3.0,13.0,24.7,31.1,0.0,0.0,0.0,0.0,3.0,997.1,994.8,92.0,2.0,92.0,0.0,0.06,0.59,36.0,87.0,21.0,33.9,83.0,28.1,29.1,26.5,20.9,0.24,0.285,0.373,0.366,16.0,28.7,16.0,80.6,181.4,20.9,37.4,29.3,6.8,36.0
2024-07-25 22:30:00,45498.0,0.9375,18.3,75.8,2213,中雨~阴,PID,27.9,83.5,8.5,40.5,24.85,31.35,0.0,0.0,0.0,0.0,2.0,997.2,994.9,59.5,6.5,55.0,0.0,0.08499999999999999,0.63,37.6,87.0,22.05,34.8,84.0,28.200000000000003,29.05,26.5,20.9,0.24,0.285,0.373,0.366,49.0,43.4,49.0,200.10000000000002,319.20000000000005,69.05000000000001,60.2,63.25,13.399999999999999,76.6
2024-07-25 23:00:00,45498.0,0.958333333333333,18.5,76.5,2154,中雨~阴,PID,28.2,83.0,14.0,68.0,25.0,31.6,0.0,0.0,0.0,0.0,1.0,997.3,995.0,27.0,11.0,18.0,0.0,0.11,0.67,39.2,87.0,23.1,35.7,85.0,28.3,29.0,26.5,20.9,0.24,0.285,0.373,0.366,82.0,58.1,82.0,319.6,457.0,117.2,83.0,97.2,20.0,117.2
2024-07-25 23:30:00,45498.0,0.979166666666667,18.7,77.2,2183,中雨~阴,PID,28.7,81.5,64.0,105.0,25.2,32.2,0.0,0.0,0.0,0.0,1.0,997.3,995.0,35.5,21.0,18.5,0.0,0.16,0.745,40.85,83.0,23.15,34.35,81.0,28.55,28.95,26.5,20.9,0.24,0.285,0.373,0.366,169.0,157.3,169.0,454.40000000000003,587.2,214.45,197.7,135.05,79.4,214.45
2024-07-26 00:00:00,45499.0,0.0,20.4,63.2,2217,多云~晴,PID,29.2,80.0,114.0,142.0,25.4,32.8,0.0,0.0,0.0,0.0,1.0,997.3,995.0,44.0,31.0,19.0,0.0,0.21,0.82,42.5,79.0,23.2,33.0,77.0,28.8,28.9,26.5,20.9,0.24,0.285,0.373,0.366,256.0,256.5,256.0,589.2,717.4,311.7,312.4,172.9,138.8,311.7
2024-07-26 00:30:00,45499.0,0.0208333333333333,20.3,63.5,2208,多云~晴,PID,29.75,77.0,170.5,169.0,25.299999999999997,33.099999999999994,0.05,0.05,0.0,0.0,26.0,997.55,995.3,49.0,22.0,19.0,17.0,0.275,0.96,43.75,82.0,24.6,34.55,80.5,29.4,28.95,26.5,20.9,0.2405,0.2845,0.373,0.366,339.5,308.55,339.5,711.9000000000001,831.15,395.29999999999995,360.35,197.4,197.9,395.29999999999995
2024-07-26 01:00:00,45499.0,0.0416666666666667,20.3,63.9,2260,多云~晴,PID,30.3,74.0,227.0,196.0,25.2,33.4,0.1,0.1,0.0,0.0,51.0,997.8,995.6,54.0,13.0,19.0,34.0,0.34,1.1,45.0,85.0,26.0,36.1,84.0,30.0,29.0,26.5,20.9,0.241,0.284,0.373,0.366,423.0,360.6,423.0,834.6,944.9,478.9,408.3,221.9,257.0,478.9
2024-07-26 01:30:00,45499.0,0.0625,20.3,64.4,2225,多云~晴,PID,30.700000000000003,72.0,285.0,216.0,25.15,33.849999999999994,0.1,0.1,0.0,0.0,51.0,997.8,995.6,73.5,13.5,35.0,59.5,0.395,1.215,47.0,84.5,25.5,35.05,83.5,30.35,29.0,26.5,20.9,0.241,0.284,0.3725,0.366,501.0,399.15,501.0,936.8,1034.4,552.5999999999999,440.9,238.60000000000002,314.0,552.5999999999999
2024-07-26 02:00:00,45499.0,0.0833333333333333,20.3,64.9,2198,多云~晴,PID,31.1,70.0,343.0,236.0,25.1,34.3,0.1,0.1,0.0,0.0,51.0,997.8,995.6,93.0,14.0,51.0,85.0,0.45,1.33,49.0,84.0,25.0,34.0,83.0,30.7,29.0,26.5,20.9,0.241,0.284,0.372,0.366,579.0,437.7,579.0,1039.0,1123.9,626.3,473.5,255.3,371.0,626.3
2024-07-26 02:30:00,45499.0,0.104166666666667,20.4,65.6,2273,多云~晴,PID,31.0,71.0,294.0,262.0,25.1,34.099999999999994,0.1,0.1,0.0,0.0,51.0,997.5,995.3,95.5,18.5,43.0,90.5,0.435,1.3,48.45,83.0,25.45,34.8,82.0,30.9,29.05,26.5,20.9,0.241,0.2835,0.372,0.366,556.0,355.5,556.0,1113.75,1183.0500000000002,591.7,379.6,278.15,313.55,591.7
2024-07-26 03:00:00,45499.0,0.125,20.5,66.2,2284,多云~晴,PID,30.9,72.0,245.0,288.0,25.1,33.9,0.1,0.1,0.0,0.0,51.0,997.2,995.0,98.0,23.0,35.0,96.0,0.42,1.27,47.9,82.0,25.9,35.6,81.0,31.1,29.1,26.5,20.9,0.241,0.283,0.372,0.366,533.0,273.3,533.0,1188.5,1242.2,557.1,285.7,301.0,256.1,557.1
2024-07-26 03:30:00,45499.0,0.145833333333333,20.7,66.9,2210,多云~晴,PID,31.15,71.0,303.5,309.0,25.15,34.4,0.25,0.25,0.0,0.0,51.0,997.1500000000001,994.95,99.0,32.5,31.0,98.0,0.47,1.33,48.25,86.5,26.65,36.7,86.5,31.35,29.15,26.5,20.9,0.242,0.283,0.372,0.366,612.5,325.20000000000005,612.5,1230.75,1267.0,629.7,334.15,317.95,311.75,629.7
2024-07-26 04:00:00,45499.0,0.166666666666667,20.9,67.6,2329,多云~晴,PID,31.4,70.0,362.0,330.0,25.2,34.9,0.4,0.4,0.0,0.0,51.0,997.1,994.9,100.0,42.0,27.0,100.0,0.52,1.39,48.6,91.0,27.4,37.8,92.0,31.6,29.2,26.5,20.9,0.243,0.283,0.372,0.366,692.0,377.1,692.0,1273.0,1291.8,702.3,382.6,334.9,367.4,702.3
2024-07-26 04:30:00,45499.0,0.1875,21.2,68.4,2295,多云~晴,PID,30.9,73.0,344.0,323.5,25.45,34.5,0.65,0.65,0.0,0.0,52.0,996.9000000000001,994.7,100.0,36.0,36.5,100.0,0.49,1.2149999999999999,48.8,93.5,27.1,37.55,93.5,31.55,29.25,26.5,20.95,0.246,0.2825,0.372,0.366,667.5,356.55,667.5,1279.75,1280.5,668.3499999999999,357.05,323.79999999999995,344.5,668.3499999999999
2024-07-26 05:00:00,45499.0,0.208333333333333,21.4,69.1,2327,多云~晴,PID,30.4,76.0,326.0,317.0,25.7,34.1,0.9,0.9,0.0,0.0,53.0,996.7,994.5,100.0,30.0,46.0,100.0,0.46,1.04,49.0,96.0,26.8,37.3,95.0,31.5,29.3,26.5,21.0,0.249,0.282,0.372,0.366,643.0,336.0,643.0,1286.5,1269.2,634.4,331.5,312.7,321.6,634.4
2024-07-26 05:30:00,45499.0,0.229166666666667,21.7,69.8,2320,多云~晴,PID,30.4,76.0,215.5,313.0,25.7,34.2,0.45,0.45,0.0,0.0,28.0,996.4000000000001,994.2,100.0,24.0,47.5,100.0,0.395,1.04,47.9,96.5,24.8,34.599999999999994,95.0,31.4,29.3,26.5,21.0,0.249,0.282,0.3715,0.366,528.5,224.65,528.5,1257.4,1222.6,515.4,220.0,304.25,211.05,515.4
2024-07-26 06:00:00,45499.0,0.25,22,70.5,2447,多云~晴,PID,30.4,76.0,105.0,309.0,25.7,34.3,0.0,0.0,0.0,0.0,3.0,996.1,993.9,100.0,18.0,49.0,100.0,0.33,1.04,46.8,97.0,22.8,31.9,95.0,31.3,29.3,26.5,21.0,0.249,0.282,0.371,0.366,414.0,113.3,414.0,1228.3,1176.0,396.4,108.5,295.8,100.5,396.4
2024-07-26 06:30:00,45499.0,0.270833333333333,22.3,71.2,2379,多云~晴,PID,30.25,77.0,84.5,315.5,25.799999999999997,34.15,0.0,0.0,0.0,0.0,3.0,996.05,993.8499999999999,100.0,16.5,52.0,100.0,0.32,0.99,45.55,92.5,23.3,32.55,91.0,31.25,29.35,26.5,21.0,0.2485,0.282,0.371,0.366,400.0,95.15,400.0,1165.25,1097.25,376.54999999999995,89.8,296.65000000000003,79.8,376.54999999999995
2024-07-26 07:00:00,45499.0,0.291666666666667,22.7,71.8,2498,多云~晴,PID,30.1,78.0,64.0,322.0,25.9,34.0,0.0,0.0,0.0,0.0,3.0,996.0,993.8,100.0,15.0,55.0,100.0,0.31,0.94,44.3,88.0,23.8,33.2,87.0,31.2,29.4,26.5,21.0,0.248,0.282,0.371,0.366,386.0,77.0,386.0,1102.2,1018.5,356.7,71.1,297.5,59.1,356.7
2024-07-26 07:30:00,45499.0,0.3125,23,72.4,2485,多云~晴,PID,30.0,79.0,54.0,288.0,25.95,34.2,0.0,0.0,0.0,0.0,3.0,995.7,993.5,100.0,14.5,65.5,100.0,0.27999999999999997,0.8999999999999999,43.05,86.5,21.900000000000002,30.5,85.0,31.1,29.4,26.5,21.0,0.248,0.282,0.371,0.366,342.0,70.3,342.0,1009.55,913.0,309.54999999999995,63.55,260.6,48.900000000000006,309.54999999999995
2024-07-26 08:00:00,45499.0,0.333333333333333,23.9,73.1,2259,多云~晴,PID,29.9,80.0,44.0,254.0,26.0,34.4,0.0,0.0,0.0,0.0,3.0,995.4,993.2,100.0,14.0,76.0,100.0,0.25,0.86,41.8,85.0,20.0,27.8,83.0,31.0,29.4,26.5,21.0,0.248,0.282,0.371,0.366,298.0,63.6,298.0,916.9,807.5,262.4,56.0,223.7,38.7,262.4
2024-07-26 08:30:00,45499.0,0.354166666666667,24.2,73.5,2275,多云~晴,PID,30.049999999999997,79.0,37.5,231.0,25.95,34.25,0.0,0.0,0.0,0.0,3.0,995.3,993.1,100.0,7.0,85.0,100.0,0.235,0.905,43.75,90.0,21.75,31.1,88.5,30.9,29.45,26.5,21.0,0.248,0.2815,0.371,0.366,268.5,61.8,268.5,800.9,682.35,228.39999999999998,52.4,196.45,31.950000000000003,228.39999999999998
2024-07-26 09:00:00,45499.0,0.375,25,73.9,2317,多云~晴,PID,30.2,78.0,31.0,208.0,25.9,34.1,0.0,0.0,0.0,0.0,3.0,995.2,993.0,100.0,0.0,94.0,100.0,0.22,0.95,45.7,95.0,23.5,34.4,94.0,30.8,29.5,26.5,21.0,0.248,0.281,0.371,0.366,239.0,60.0,239.0,684.9,557.2,194.4,48.8,169.2,25.2,194.4
2024-07-26 09:30:00,45499.0,0.395833333333333,25.3,74.2,2295,多云~晴,PID,29.65,79.5,16.0,142.5,25.7,33.55,0.0,0.0,0.0,0.0,3.0,995.3,993.1,100.0,1.5,83.0,100.0,0.16999999999999998,0.85,43.2,92.5,22.75,33.95,90.5,30.55,29.5,26.5,21.0,0.2475,0.281,0.371,0.366,158.5,31.55,158.5,553.45,420.95000000000005,123.5,25.45,110.6,12.95,123.5
2024-07-26 10:00:00,45499.0,0.416666666666667,25,74.1,2331,多云~晴,PID,29.1,81.0,1.0,77.0,25.5,33.0,0.0,0.0,0.0,0.0,3.0,995.4,993.2,100.0,3.0,72.0,100.0,0.12,0.75,40.7,90.0,22.0,33.5,87.0,30.3,29.5,26.5,21.0,0.247,0.281,0.371,0.366,78.0,3.1,78.0,422.0,284.7,52.6,2.1,52.0,0.7,52.6
2024-07-26 10:30:00,45499.0,0.4375,25.3,74.2,2351,多云~晴,PID,28.950000000000003,81.5,0.5,50.0,25.5,32.7,0.0,0.0,0.0,0.0,3.0,995.5999999999999,993.4000000000001,100.0,2.5,37.0,100.0,0.105,0.73,41.25,92.5,23.05,35.9,89.5,30.05,29.45,26.5,21.0,0.247,0.281,0.371,0.366,50.5,1.55,50.5,284.1,146.7,26.85,1.05,26.7,0.35,27.0
2024-07-26 11:00:00,45499.0,0.458333333333333,24.9,74.0,2437,多云~晴,PID,28.8,82.0,0.0,23.0,25.5,32.4,0.0,0.0,0.0,0.0,3.0,995.8,993.6,100.0,2.0,2.0,100.0,0.09,0.71,41.8,95.0,24.1,38.3,92.0,29.8,29.4,26.5,21.0,0.247,0.281,0.371,0.366,23.0,0.0,23.0,146.2,8.7,1.1,0.0,1.4,0.0,1.4
2024-07-26 11:30:00,45499.0,0.479166666666667,25.1,73.8,2410,多云~晴,PID,28.75,81.5,0.0,11.5,25.35,32.05,0.05,0.05,0.0,0.0,27.0,996.05,993.8,100.0,2.0,4.5,100.0,0.08,0.725,43.4,96.0,25.25,40.05,93.5,29.6,29.4,26.5,21.0,0.2475,0.281,0.371,0.366,11.5,0.0,11.5,73.1,4.35,0.55,0.0,0.7,0.0,0.7
2024-07-26 12:00:00,45499.0,0.5,25.8,73.7,2539,多云~晴,PID,28.7,81.0,0.0,0.0,25.2,31.7,0.1,0.1,0.0,0.0,51.0,996.3,994.0,100.0,2.0,7.0,100.0,0.07,0.74,45.0,97.0,26.4,41.8,95.0,29.4,29.4,26.5,21.0,0.248,0.281,0.371,0.366,0.0,0.0,0.0,0.0,0.0,0.0,0.0,0.0,0.0,0.0
2024-07-26 12:30:00,45499.0,0.520833333333333,25.9,73.4,2474,多云~晴,PID,28.15,86.0,0.0,0.0,25.6,31.6,0.25,0.25,0.0,0.0,51.0,997.15,994.85,100.0,1.5,53.5,100.0,0.045000000000000005,0.535,43.4,96.5,25.1,40.45,94.0,28.85,29.15,26.5,21.0,0.303,0.2835,0.3715,0.366,0.0,0.0,0.0,0.0,0.0,0.0,0.0,0.0,0.0,0.0
2024-07-26 13:00:00,45499.0,0.541666666666667,26.9,73.3,2278,多云~晴,PID,27.6,91.0,0.0,0.0,26.0,31.5,0.4,0.4,0.0,0.0,51.0,998.0,995.7,100.0,1.0,100.0,100.0,0.02,0.33,41.8,96.0,23.8,39.1,93.0,28.3,28.9,26.5,21.0,0.358,0.286,0.372,0.366,0.0,0.0,0.0,0.0,0.0,0.0,0.0,0.0,0.0,0.0
2024-07-26 13:30:00,45499.0,0.5625,26.9,72.8,2210,多云~晴,PID,27.35,90.5,0.0,0.0,25.7,31.05,0.4,0.4,0.0,0.0,51.0,998.05,995.75,100.0,2.0,62.5,100.0,0.025,0.335,41.4,99.0,23.9,39.45,95.5,28.0,28.85,26.5,21.0,0.3595,0.2865,0.372,0.366,0.0,0.0,0.0,0.0,0.0,0.0,0.0,0.0,0.0,0.0
2024-07-26 14:00:00,45499.0,0.583333333333333,26.2,72.0,2236,多云~晴,PID,27.1,90.0,0.0,0.0,25.4,30.6,0.4,0.4,0.0,0.0,51.0,998.1,995.8,100.0,3.0,25.0,100.0,0.03,0.34,41.0,102.0,24.0,39.8,98.0,27.7,28.8,26.5,21.0,0.361,0.287,0.372,0.366,0.0,0.0,0.0,0.0,0.0,0.0,0.0,0.0,0.0,0.0
2024-07-26 14:30:00,45499.0,0.604166666666667,26,71.3,2304,多云~晴,PID,27.05,90.5,0.0,0.0,25.4,30.450000000000003,0.45,0.45,0.0,0.0,52.0,997.95,995.65,100.0,3.5,19.0,100.0,0.03,0.335,42.45,102.5,24.6,40.55,98.5,27.45,28.75,26.5,21.0,0.363,0.2875,0.372,0.366,0.0,0.0,0.0,0.0,0.0,0.0,0.0,0.0,0.0,0.0
2024-07-26 15:00:00,45499.0,0.625,24.9,70.4,2292,多云~晴,PID,27.0,91.0,0.0,0.0,25.4,30.3,0.5,0.5,0.0,0.0,53.0,997.8,995.5,100.0,4.0,13.0,100.0,0.03,0.33,43.9,103.0,25.2,41.3,99.0,27.2,28.7,26.5,21.0,0.365,0.288,0.372,0.366,0.0,0.0,0.0,0.0,0.0,0.0,0.0,0.0,0.0,0.0
2024-07-26 15:30:00,45499.0,0.645833333333333,24.7,69.7,2251,多云~晴,PID,27.1,90.0,0.0,0.0,25.299999999999997,30.4,0.4,0.4,0.0,0.0,52.0,997.5999999999999,995.3,97.0,7.0,16.5,96.0,0.03,0.365,44.45,103.5,25.049999999999997,40.9,99.5,27.1,28.6,26.5,21.0,0.366,0.2885,0.372,0.366,0.0,0.0,0.0,0.0,0.0,0.0,0.0,0.0,0.0,0.0
2024-07-26 16:00:00,45499.0,0.666666666666667,24.5,68.9,2317,多云~晴,PID,27.2,89.0,0.0,0.0,25.2,30.5,0.3,0.3,0.0,0.0,51.0,997.4,995.1,94.0,10.0,20.0,92.0,0.03,0.4,45.0,104.0,24.9,40.5,100.0,27.0,28.5,26.5,21.0,0.367,0.289,0.372,0.366,0.0,0.0,0.0,0.0,0.0,0.0,0.0,0.0,0.0,0.0
2024-07-26 16:30:00,45499.0,0.6875,24.3,68.2,2391,多云~晴,PID,27.299999999999997,88.0,0.0,0.0,25.15,30.5,0.15,0.15,0.0,0.0,26.5,997.15,994.85,81.5,13.0,30.5,68.5,0.035,0.43000000000000005,44.3,105.0,25.1,40.7,100.5,26.95,28.45,26.5,21.0,0.366,0.2895,0.372,0.366,0.0,0.0,0.0,0.0,0.0,0.0,0.0,0.0,0.0,0.0
2024-07-26 17:00:00,45499.0,0.708333333333333,24,67.5,2431,多云~晴,PID,27.4,87.0,0.0,0.0,25.1,30.5,0.0,0.0,0.0,0.0,2.0,996.9,994.6,69.0,16.0,41.0,45.0,0.04,0.46,43.6,106.0,25.3,40.9,101.0,26.9,28.4,26.5,21.0,0.365,0.29,0.372,0.366,0.0,0.0,0.0,0.0,0.0,0.0,0.0,0.0,0.0,0.0
2024-07-26 17:30:00,45499.0,0.729166666666667,23.7,66.7,2384,多云~晴,PID,27.5,86.5,0.0,0.0,25.0,30.45,0.0,0.0,0.0,0.0,2.5,996.8499999999999,994.55,83.5,25.0,36.0,71.0,0.045,0.495,44.3,109.0,25.8,41.7,105.0,26.9,28.299999999999997,26.5,21.0,0.364,0.29,0.372,0.366,0.0,0.0,0.0,0.0,0.0,0.0,0.0,0.0,0.0,0.0
2024-07-26 18:00:00,45499.0,0.75,24.2,66.3,2554,多云~晴,PID,27.6,86.0,0.0,0.0,24.9,30.4,0.0,0.0,0.0,0.0,3.0,996.8,994.5,98.0,34.0,31.0,97.0,0.05,0.53,45.0,112.0,26.3,42.5,109.0,26.9,28.2,26.5,21.0,0.363,0.29,0.372,0.366,0.0,0.0,0.0,0.0,0.0,0.0,0.0,0.0,0.0,0.0
2024-07-26 18:30:00,45499.0,0.770833333333333,23.8,65.6,2531,多云~晴,PID,27.6,85.5,0.0,0.0,24.9,30.35,0.0,0.0,0.0,0.0,3.0,996.65,994.35,99.0,30.0,65.5,98.0,0.05,0.535,45.7,114.5,26.75,43.05,111.5,26.85,28.15,26.5,21.0,0.362,0.2905,0.3715,0.366,0.0,0.0,0.0,0.0,0.0,0.0,0.0,0.0,0.0,0.0
2024-07-26 19:00:00,45499.0,0.791666666666667,24,65.2,2293,多云~晴,PID,27.6,85.0,0.0,0.0,24.9,30.3,0.0,0.0,0.0,0.0,3.0,996.5,994.2,100.0,26.0,100.0,99.0,0.05,0.54,46.4,117.0,27.2,43.6,114.0,26.8,28.1,26.5,21.0,0.361,0.291,0.371,0.366,0.0,0.0,0.0,0.0,0.0,0.0,0.0,0.0,0.0,0.0
2024-07-26 19:30:00,45499.0,0.8125,23.7,64.7,2271,多云~晴,PID,27.700000000000003,84.5,0.0,0.0,24.9,30.450000000000003,0.05,0.05,0.0,0.0,27.0,996.5,994.2,100.0,21.5,100.0,99.5,0.055,0.5700000000000001,46.599999999999994,119.0,27.049999999999997,43.35,116.0,26.85,28.05,26.5,21.0,0.3605,0.2915,0.371,0.366,0.0,0.0,0.0,0.0,0.0,0.0,0.0,0.0,0.0,0.0
2024-07-26 20:00:00,45499.0,0.833333333333333,22.6,64.0,2345,多云~晴,PID,27.8,84.0,0.0,0.0,24.9,30.6,0.1,0.1,0.0,0.0,51.0,996.5,994.2,100.0,17.0,100.0,100.0,0.06,0.6,46.8,121.0,26.9,43.1,118.0,26.9,28.0,26.5,21.0,0.36,0.292,0.371,0.366,0.0,0.0,0.0,0.0,0.0,0.0,0.0,0.0,0.0,0.0
2024-07-26 20:30:00,45499.0,0.854166666666667,22.3,63.6,2298,多云~晴,PID,27.8,83.5,0.0,0.0,24.75,30.6,0.05,0.05,0.0,0.0,27.0,996.7,994.4000000000001,100.0,13.0,100.0,99.5,0.06,0.62,46.45,123.0,26.1,41.95,120.5,26.9,27.95,26.5,21.0,0.359,0.2925,0.371,0.366,0.0,0.0,0.0,0.0,0.0,0.0,0.0,0.0,0.0,0.0
2024-07-26 21:00:00,45499.0,0.875,21.4,63.2,2338,多云~晴,PID,27.8,83.0,0.0,0.0,24.6,30.6,0.0,0.0,0.0,0.0,3.0,996.9,994.6,100.0,9.0,100.0,99.0,0.06,0.64,46.1,125.0,25.3,40.8,123.0,26.9,27.9,26.5,21.0,0.358,0.293,0.371,0.366,0.0,0.0,0.0,0.0,0.0,0.0,0.0,0.0,0.0,0.0
2024-07-26 21:30:00,45499.0,0.895833333333333,21.2,63.0,2280,多云~晴,PID,27.700000000000003,83.0,0.0,2.0,24.55,30.55,0.15,0.15,0.0,0.0,27.0,997.0999999999999,994.8,100.0,7.0,100.0,99.0,0.065,0.63,44.650000000000006,126.0,24.700000000000003,39.95,124.0,26.9,27.85,26.5,21.0,0.3585,0.293,0.371,0.366,2.0,0.0,2.0,39.65,89.4,2.6,0.0,4.5,0.0,4.5
2024-07-26 22:00:00,45499.0,0.916666666666667,20.9,62.9,2265,多云~晴,PID,27.6,83.0,0.0,4.0,24.5,30.5,0.3,0.3,0.0,0.0,51.0,997.3,995.0,100.0,5.0,100.0,99.0,0.07,0.62,43.2,127.0,24.1,39.1,125.0,26.9,27.8,26.5,21.0,0.359,0.293,0.371,0.366,4.0,0.0,4.0,79.3,178.8,5.2,0.0,9.0,0.0,9.0
2024-07-26 22:30:00,45499.0,0.9375,20.7,62.9,2178,多云~晴,PID,27.6,83.5,0.0,26.5,24.6,30.65,0.3,0.3,0.0,0.0,51.0,997.65,995.35,100.0,7.0,100.0,99.5,0.08,0.605,41.95,126.5,23.6,38.35,124.5,26.85,27.75,26.5,21.0,0.359,0.2935,0.371,0.366,26.5,0.0,26.5,198.25,316.8,37.75,0.0,39.650000000000006,0.0,39.650000000000006
2024-07-26 23:00:00,45499.0,0.958333333333333,20.6,63.1,2278,多云~晴,PID,27.6,84.0,0.0,49.0,24.7,30.8,0.3,0.3,0.0,0.0,51.0,998.0,995.7,100.0,9.0,100.0,100.0,0.09,0.59,40.7,126.0,23.1,37.6,124.0,26.8,27.7,26.5,21.0,0.359,0.294,0.371,0.366,49.0,0.0,49.0,317.2,454.8,70.3,0.0,70.3,0.0,70.3
2024-07-26 23:30:00,45499.0,0.979166666666667,20.4,63.2,2259,多云~晴,PID,27.8,84.0,3.0,69.0,24.85,31.0,0.3,0.3,0.0,0.0,51.0,998.2,995.9000000000001,100.0,7.5,76.5,99.5,0.105,0.6,40.5,128.0,23.450000000000003,37.85,126.0,26.85,27.65,26.5,21.0,0.359,0.2945,0.371,0.366,72.0,6.75,72.0,452.20000000000005,585.2,93.05,8.25,89.4,3.6500000000000004,93.05
2024-07-27 00:00:00,45500.0,0.0,20.2,64.5,2205,雾~多云,PID,28.0,84.0,6.0,89.0,25.0,31.2,0.3,0.3,0.0,0.0,51.0,998.4,996.1,100.0,6.0,53.0,99.0,0.12,0.61,40.3,130.0,23.8,38.1,128.0,26.9,27.6,26.5,21.0,0.359,0.295,0.371,0.366,95.0,13.5,95.0,587.2,715.6,115.8,16.5,108.5,7.3,115.8
2024-07-27 00:30:00,45500.0,0.0208333333333333,20,64.7,2150,雾~多云,PID,28.1,85.0,3.5,120.5,25.35,31.549999999999997,0.2,0.2,0.0,0.0,51.0,999.05,996.75,100.0,5.0,58.5,99.0,0.13,0.5700000000000001,40.849999999999994,132.5,24.0,38.150000000000006,130.5,27.25,27.65,26.5,21.05,0.3645,0.3,0.371,0.366,124.0,7.55,124.0,710.1,829.55,144.55,9.15,140.35,4.2,144.55
2024-07-27 01:00:00,45500.0,0.0416666666666667,19.9,65.0,2257,雾~多云,PID,28.2,86.0,1.0,152.0,25.7,31.9,0.1,0.1,0.0,0.0,51.0,999.7,997.4,100.0,4.0,64.0,99.0,0.14,0.53,41.4,135.0,24.2,38.2,133.0,27.6,27.7,26.5,21.1,0.37,0.305,0.371,0.366,153.0,1.6,153.0,833.0,943.5,173.3,1.8,172.2,1.1,173.3
2024-07-27 01:30:00,45500.0,0.0625,19.9,65.4,2301,雾~多云,PID,29.25,82.5,110.5,191.5,26.0,33.0,0.05,0.05,0.0,0.0,27.0,999.85,997.5999999999999,100.0,4.5,82.0,89.0,0.24000000000000002,0.71,43.0,134.5,25.1,37.45,133.5,28.1,27.7,26.5,21.1,0.3685,0.305,0.371,0.366,302.0,141.39999999999998,302.0,935.35,1033.15,330.65,153.0,211.05,119.55,330.65
2024-07-27 02:00:00,45500.0,0.0833333333333333,19.9,65.8,2210,雾~多云,PID,30.3,79.0,220.0,231.0,26.3,34.1,0.0,0.0,0.0,0.0,3.0,1000.0,997.8,100.0,5.0,100.0,79.0,0.34,0.89,44.6,134.0,26.0,36.7,134.0,28.6,27.7,26.5,21.1,0.367,0.305,0.371,0.366,451.0,281.2,451.0,1037.7,1122.8,488.0,304.2,249.9,238.0,488.0
2024-07-27 02:30:00,45500.0,0.104166666666667,19.9,66.4,2339,雾~多云,PID,30.55,76.0,158.0,293.5,25.85,33.95,0.05,0.05,0.0,0.0,27.0,1000.15,997.95,100.0,8.5,100.0,73.0,0.355,1.045,46.8,138.0,26.85,38.1,138.0,28.950000000000003,27.75,26.5,21.1,0.366,0.3055,0.371,0.366,451.5,194.2,451.5,1112.6,1182.05,480.25,208.14999999999998,311.0,169.2,480.25
2024-07-27 03:00:00,45500.0,0.125,20,67.0,2298,雾~多云,PID,30.8,73.0,96.0,356.0,25.4,33.8,0.1,0.1,0.0,0.0,51.0,1000.3,998.1,100.0,12.0,100.0,67.0,0.37,1.2,49.0,142.0,27.7,39.5,142.0,29.3,27.8,26.5,21.1,0.365,0.306,0.371,0.366,452.0,107.2,452.0,1187.5,1241.3,472.5,112.1,372.1,100.4,472.5
2024-07-27 03:30:00,45500.0,0.145833333333333,20.1,67.6,2282,雾~多云,PID,30.25,77.0,58.5,287.5,25.75,34.0,0.15000000000000002,0.15000000000000002,0.0,0.0,51.0,1000.4,998.1500000000001,100.0,7.5,100.0,76.5,0.29,1.0,48.6,143.0,24.0,35.1,142.5,29.25,27.8,26.5,21.1,0.364,0.306,0.371,0.366,346.0,64.55,346.0,1229.75,1266.1,358.05,67.15,297.20000000000005,60.85,358.05
2024-07-27 04:00:00,45500.0,0.166666666666667,20.3,68.3,2307,雾~多云,PID,29.7,81.0,21.0,219.0,26.1,34.2,0.2,0.2,0.0,0.0,51.0,1000.5,998.2,100.0,3.0,100.0,86.0,0.21,0.8,48.2,144.0,20.3,30.7,143.0,29.2,27.8,26.5,21.1,0.363,0.306,0.371,0.366,240.0,21.9,240.0,1272.0,1290.9,243.6,22.2,222.3,21.3,243.6
2024-07-27 04:30:00,45500.0,0.1875,20.5,69.1,2344,雾~多云,PID,30.0,80.0,38.5,222.5,26.25,34.55,0.30000000000000004,0.30000000000000004,0.0,0.0,51.0,1000.3,998.05,95.0,5.5,80.0,86.0,0.22999999999999998,0.845,42.1,142.0,20.75,31.2,140.5,29.25,27.85,26.5,21.1,0.3635,0.306,0.371,0.366,261.0,39.849999999999994,261.0,1278.8,1279.6,260.9,39.599999999999994,222.65,38.25,260.9
2024-07-27 05:00:00,45500.0,0.208333333333333,20.8,69.8,2248,雾~多云,PID,30.3,79.0,56.0,226.0,26.4,34.9,0.4,0.4,0.0,0.0,51.0,1000.1,997.9,90.0,8.0,60.0,86.0,0.25,0.89,36.0,140.0,21.2,31.7,138.0,29.3,27.9,26.5,21.1,0.364,0.306,0.371,0.366,282.0,57.8,282.0,1285.6,1268.3,278.2,57.0,223.0,55.2,278.2
2024-07-27 05:30:00,45500.0,0.229166666666667,21,70.5,2427,雾~多云,PID,30.9,76.0,158.5,237.5,26.299999999999997,35.0,0.25,0.25,0.0,0.0,51.0,1000.2,998.0,95.0,4.0,80.0,93.0,0.32999999999999996,1.06,41.05,146.5,24.1,35.4,145.5,29.65,27.95,26.5,21.1,0.363,0.3065,0.3705,0.366,396.0,169.89999999999998,396.0,1256.4499999999998,1221.6,383.2,163.5,230.7,152.55,383.2
2024-07-27 06:00:00,45500.0,0.25,21.3,71.3,2489,雾~多云,PID,31.5,73.0,261.0,249.0,26.2,35.1,0.1,0.1,0.0,0.0,51.0,1000.3,998.1,100.0,0.0,100.0,100.0,0.41,1.23,46.1,153.0,27.0,39.1,153.0,30.0,28.0,26.5,21.1,0.362,0.307,0.37,0.366,510.0,282.0,510.0,1227.3,1174.9,488.2,270.0,238.4,249.9,488.2
2024-07-27 06:30:00,45500.0,0.270833333333333,21.6,72.0,2431,雾~多云,PID,30.8,77.0,140.0,219.5,26.299999999999997,34.8,0.30000000000000004,0.30000000000000004,0.0,0.0,52.0,1000.4,998.1500000000001,100.0,0.0,100.0,100.0,0.305,1.03,46.650000000000006,150.5,24.85,37.35,150.0,29.8,28.05,26.5,21.1,0.3625,0.307,0.37,0.366,359.5,152.45,359.5,1164.15,1096.0500000000002,340.65,145.55,206.95000000000002,133.75,340.65
2024-07-27 07:00:00,45500.0,0.291666666666667,22,72.7,2390,雾~多云,PID,30.1,81.0,19.0,190.0,26.4,34.5,0.5,0.5,0.0,0.0,53.0,1000.5,998.2,100.0,0.0,100.0,100.0,0.2,0.83,47.2,148.0,22.7,35.6,147.0,29.6,28.1,26.5,21.1,0.363,0.307,0.37,0.366,209.0,22.9,209.0,1101.0,1017.2,193.1,21.1,175.5,17.6,193.1
2024-07-27 07:30:00,45500.0,0.3125,22.3,73.3,2526,雾~多云,PID,30.5,80.0,26.0,215.5,26.6,35.3,0.3,0.3,0.0,0.0,52.0,1000.3,998.05,100.0,0.0,95.5,100.0,0.22,0.885,42.85,145.0,20.7,32.9,143.5,29.65,28.15,26.45,21.1,0.362,0.307,0.37,0.366,241.5,35.349999999999994,241.5,1008.2,911.5,217.14999999999998,31.6,193.8,23.3,217.14999999999998
2024-07-27 08:00:00,45500.0,0.333333333333333,23.5,74.1,2387,雾~多云,PID,30.9,79.0,33.0,241.0,26.8,36.1,0.1,0.1,0.0,0.0,51.0,1000.1,997.9,100.0,0.0,91.0,100.0,0.24,0.94,38.5,142.0,18.7,30.2,140.0,29.7,28.2,26.4,21.1,0.361,0.307,0.37,0.366,274.0,47.8,274.0,915.4,805.8,241.2,42.1,212.1,29.0,241.2
2024-07-27 08:30:00,45500.0,0.354166666666667,23.9,74.6,2311,雾~多云,PID,31.0,77.5,19.0,195.0,26.6,36.0,0.05,0.05,0.0,0.0,27.0,1000.1,997.9,100.0,0.5,59.5,100.0,0.21,1.01,36.55,138.5,19.4,31.75,136.5,29.65,28.2,26.4,21.1,0.36,0.3075,0.37,0.366,214.0,28.75,214.0,799.2,680.45,183.2,25.0,166.6,16.55,183.2
2024-07-27 09:00:00,45500.0,0.375,24.9,75.2,2358,雾~多云,PID,31.1,76.0,5.0,149.0,26.4,35.9,0.0,0.0,0.0,0.0,3.0,1000.1,997.9,100.0,1.0,28.0,100.0,0.18,1.08,34.6,135.0,20.1,33.3,133.0,29.6,28.2,26.4,21.1,0.359,0.308,0.37,0.366,154.0,9.7,154.0,683.0,555.1,125.2,7.9,121.1,4.1,125.2
2024-07-27 09:30:00,45500.0,0.395833333333333,25.2,75.5,2248,雾~多云,PID,31.1,74.5,9.5,128.0,26.049999999999997,35.45,0.0,0.0,0.0,0.0,3.0,1000.35,998.15,100.0,1.0,34.0,100.0,0.18,1.155,36.400000000000006,140.0,21.35,35.4,138.0,29.5,28.25,26.4,21.1,0.358,0.308,0.37,0.366,137.5,26.95,137.5,551.35,418.65,103.30000000000001,18.799999999999997,96.5,6.75,103.30000000000001
2024-07-27 10:00:00,45500.0,0.416666666666667,24.6,75.5,2375,雾~多云,PID,31.1,73.0,14.0,107.0,25.7,35.0,0.0,0.0,0.0,0.0,3.0,1000.6,998.4,100.0,1.0,40.0,100.0,0.18,1.23,38.2,145.0,22.6,37.5,143.0,29.4,28.3,26.4,21.1,0.357,0.308,0.37,0.366,121.0,44.2,121.0,419.7,282.2,81.4,29.7,71.9,9.4,81.4
2024-07-27 10:30:00,45500.0,0.4375,24.8,75.6,2263,雾~多云,PID,30.85,72.5,8.5,68.5,25.299999999999997,34.35,0.0,0.0,0.0,0.0,3.0,1001.05,998.8499999999999,100.0,0.5,42.5,100.0,0.16,1.2349999999999999,39.6,146.5,23.4,38.9,145.0,29.299999999999997,28.3,26.4,21.1,0.356,0.308,0.37,0.366,77.0,32.6,77.0,281.55,143.95,41.2,15.15,36.550000000000004,4.75,41.35
2024-07-27 11:00:00,45500.0,0.458333333333333,24.3,75.4,2435,雾~多云,PID,30.6,72.0,3.0,30.0,24.9,33.7,0.0,0.0,0.0,0.0,3.0,1001.5,999.3,100.0,0.0,45.0,100.0,0.14,1.24,41.0,148.0,24.2,40.3,147.0,29.2,28.3,26.4,21.1,0.355,0.308,0.37,0.366,33.0,21.0,33.0,143.4,5.7,1.0,0.6,1.2,0.1,1.3
2024-07-27 11:30:00,45500.0,0.479166666666667,24.5,75.4,2530,雾~多云,PID,30.450000000000003,72.0,1.5,15.0,24.75,33.55,0.0,0.0,0.0,0.0,3.0,1002.0,999.75,100.0,0.0,55.0,100.0,0.12000000000000001,1.2349999999999999,41.4,149.0,23.75,39.65,147.5,29.049999999999997,28.3,26.4,21.1,0.3545,0.3085,0.37,0.366,16.5,10.5,16.5,71.7,2.85,0.5,0.3,0.6,0.05,0.65
2024-07-27 12:00:00,45500.0,0.5,25.6,75.5,2551,雾~多云,PID,30.3,72.0,0.0,0.0,24.6,33.4,0.0,0.0,0.0,0.0,3.0,1002.5,1000.2,100.0,0.0,65.0,100.0,0.1,1.23,41.8,150.0,23.3,39.0,148.0,28.9,28.3,26.4,21.1,0.354,0.309,0.37,0.366,0.0,0.0,0.0,0.0,0.0,0.0,0.0,0.0,0.0,0.0
2024-07-27 12:30:00,45500.0,0.520833333333333,25.7,75.2,2549,雾~多云,PID,30.0,75.5,0.0,0.0,25.15,33.75,0.15,0.15,0.0,0.0,27.0,1002.75,1000.45,100.0,0.0,82.5,100.0,0.08,1.05,37.65,146.0,20.950000000000003,35.9,143.5,29.049999999999997,28.450000000000003,26.45,21.1,0.3545,0.309,0.369,0.366,0.0,0.0,0.0,0.0,0.0,0.0,0.0,0.0,0.0,0.0
2024-07-27 13:00:00,45500.0,0.541666666666667,26.4,75.1,2292,雾~多云,PID,29.7,79.0,0.0,0.0,25.7,34.1,0.3,0.3,0.0,0.0,51.0,1003.0,1000.7,100.0,0.0,100.0,100.0,0.06,0.87,33.5,142.0,18.6,32.8,139.0,29.2,28.6,26.5,21.1,0.355,0.309,0.368,0.366,0.0,0.0,0.0,0.0,0.0,0.0,0.0,0.0,0.0,0.0
2024-07-27 13:30:00,45500.0,0.5625,26.4,74.7,2285,雾~多云,PID,29.799999999999997,77.0,0.0,0.0,25.299999999999997,33.7,0.15,0.15,0.0,0.0,27.0,1003.3,1001.0,100.0,0.5,98.5,100.0,0.075,0.9650000000000001,35.65,143.5,20.6,35.55,141.0,29.0,28.6,26.5,21.1,0.354,0.309,0.368,0.366,0.0,0.0,0.0,0.0,0.0,0.0,0.0,0.0,0.0,0.0
2024-07-27 14:00:00,45500.0,0.583333333333333,25.4,73.9,2277,雾~多云,PID,29.9,75.0,0.0,0.0,24.9,33.3,0.0,0.0,0.0,0.0,3.0,1003.6,1001.3,100.0,1.0,97.0,100.0,0.09,1.06,37.8,145.0,22.6,38.3,143.0,28.8,28.6,26.5,21.1,0.353,0.309,0.368,0.366,0.0,0.0,0.0,0.0,0.0,0.0,0.0,0.0,0.0,0.0
2024-07-27 14:30:00,45500.0,0.604166666666667,25.4,73.3,2281,雾~多云,PID,29.75,75.0,0.0,0.0,24.799999999999997,33.099999999999994,0.0,0.0,0.0,0.0,3.0,1003.6500000000001,1001.3499999999999,93.5,0.5,58.5,92.5,0.08499999999999999,1.045,38.15,145.0,22.200000000000003,37.5,142.5,28.700000000000003,28.6,26.5,21.1,0.3525,0.3095,0.368,0.366,0.0,0.0,0.0,0.0,0.0,0.0,0.0,0.0,0.0,0.0
2024-07-27 15:00:00,45500.0,0.625,24.7,72.5,2271,雾~多云,PID,29.6,75.0,0.0,0.0,24.7,32.9,0.0,0.0,0.0,0.0,3.0,1003.7,1001.4,87.0,0.0,20.0,85.0,0.08,1.03,38.5,145.0,21.8,36.7,142.0,28.6,28.6,26.5,21.1,0.352,0.31,0.368,0.366,0.0,0.0,0.0,0.0,0.0,0.0,0.0,0.0,0.0,0.0
2024-07-27 15:30:00,45500.0,0.645833333333333,24.5,71.8,2222,雾~多云,PID,29.35,75.0,0.0,0.0,24.5,32.65,0.0,0.0,0.0,0.0,3.0,1003.8,1001.5,93.0,0.0,16.5,92.0,0.08,1.01,37.8,145.5,21.200000000000003,36.25,143.0,28.450000000000003,28.55,26.5,21.1,0.3515,0.31,0.368,0.366,0.0,0.0,0.0,0.0,0.0,0.0,0.0,0.0,0.0,0.0
2024-07-27 16:00:00,45500.0,0.666666666666667,24.4,71.1,2278,雾~多云,PID,29.1,75.0,0.0,0.0,24.3,32.4,0.0,0.0,0.0,0.0,3.0,1003.9,1001.6,99.0,0.0,13.0,99.0,0.08,0.99,37.1,146.0,20.6,35.8,144.0,28.3,28.5,26.5,21.1,0.351,0.31,0.368,0.366,0.0,0.0,0.0,0.0,0.0,0.0,0.0,0.0,0.0,0.0
2024-07-27 16:30:00,45500.0,0.6875,24.1,70.4,2289,雾~多云,PID,29.0,75.0,0.0,0.0,24.200000000000003,32.25,0.0,0.0,0.0,0.0,3.0,1003.75,1001.45,99.0,0.0,15.0,99.0,0.07500000000000001,0.985,36.2,147.5,20.450000000000003,35.599999999999994,145.5,28.200000000000003,28.45,26.5,21.1,0.3505,0.31,0.368,0.366,0.0,0.0,0.0,0.0,0.0,0.0,0.0,0.0,0.0,0.0
2024-07-27 17:00:00,45500.0,0.708333333333333,23.9,69.6,2473,雾~多云,PID,28.9,75.0,0.0,0.0,24.1,32.1,0.0,0.0,0.0,0.0,3.0,1003.6,1001.3,99.0,0.0,17.0,99.0,0.07,0.98,35.3,149.0,20.3,35.4,147.0,28.1,28.4,26.5,21.1,0.35,0.31,0.368,0.366,0.0,0.0,0.0,0.0,0.0,0.0,0.0,0.0,0.0,0.0
2024-07-27 17:30:00,45500.0,0.729166666666667,23.6,68.9,2587,雾~多云,PID,28.75,75.5,0.0,0.0,24.05,31.950000000000003,0.0,0.0,0.0,0.0,3.0,1003.55,1001.25,99.0,0.0,10.5,99.0,0.07,0.9550000000000001,35.099999999999994,149.5,20.1,35.099999999999994,147.5,28.05,28.4,26.5,21.1,0.3495,0.3105,0.368,0.366,0.0,0.0,0.0,0.0,0.0,0.0,0.0,0.0,0.0,0.0
2024-07-27 18:00:00,45500.0,0.75,24.2,68.4,2464,雾~多云,PID,28.6,76.0,0.0,0.0,24.0,31.8,0.0,0.0,0.0,0.0,3.0,1003.5,1001.2,99.0,0.0,4.0,99.0,0.07,0.93,34.9,150.0,19.9,34.8,148.0,28.0,28.4,26.5,21.1,0.349,0.311,0.368,0.366,0.0,0.0,0.0,0.0,0.0,0.0,0.0,0.0,0.0,0.0
2024-07-27 18:30:00,45500.0,0.770833333333333,23.9,67.8,2389,雾~多云,PID,28.5,76.0,0.0,0.0,23.9,31.700000000000003,0.0,0.0,0.0,0.0,3.0,1003.55,1001.25,97.5,0.5,6.5,97.5,0.07,0.925,34.55,149.5,19.6,34.349999999999994,147.5,27.95,28.35,26.5,21.1,0.3485,0.311,0.368,0.366,0.0,0.0,0.0,0.0,0.0,0.0,0.0,0.0,0.0,0.0
2024-07-27 19:00:00,45500.0,0.791666666666667,24.3,67.3,2384,雾~多云,PID,28.4,76.0,0.0,0.0,23.8,31.6,0.0,0.0,0.0,0.0,3.0,1003.6,1001.3,96.0,1.0,9.0,96.0,0.07,0.92,34.2,149.0,19.3,33.9,147.0,27.9,28.3,26.5,21.1,0.348,0.311,0.368,0.366,0.0,0.0,0.0,0.0,0.0,0.0,0.0,0.0,0.0,0.0
2024-07-27 19:30:00,45500.0,0.8125,24,66.7,2304,雾~多云,PID,28.35,75.5,0.0,0.0,23.700000000000003,31.5,0.0,0.0,0.0,0.0,3.0,1003.75,1001.45,98.0,0.5,5.0,98.0,0.07,0.9299999999999999,33.650000000000006,151.0,19.05,33.7,149.0,27.799999999999997,28.25,26.5,21.1,0.3475,0.311,0.368,0.366,0.0,0.0,0.0,0.0,0.0,0.0,0.0,0.0,0.0,0.0
2024-07-27 20:00:00,45500.0,0.833333333333333,22.7,65.9,2366,雾~多云,PID,28.3,75.0,0.0,0.0,23.6,31.4,0.0,0.0,0.0,0.0,3.0,1003.9,1001.6,100.0,0.0,1.0,100.0,0.07,0.94,33.1,153.0,18.8,33.5,151.0,27.7,28.2,26.5,21.1,0.347,0.311,0.368,0.366,0.0,0.0,0.0,0.0,0.0,0.0,0.0,0.0,0.0,0.0
2024-07-27 20:30:00,45500.0,0.854166666666667,22.4,65.5,2220,雾~多云,PID,28.25,75.0,0.0,0.0,23.5,31.299999999999997,0.0,0.0,0.0,0.0,3.0,1004.15,1001.85,99.5,0.5,0.5,99.5,0.07,0.94,32.75,155.5,18.65,33.3,153.5,27.65,28.15,26.5,21.1,0.3465,0.3115,0.368,0.366,0.0,0.0,0.0,0.0,0.0,0.0,0.0,0.0,0.0,0.0
2024-07-27 21:00:00,45500.0,0.875,21.3,64.9,2250,雾~多云,PID,28.2,75.0,0.0,0.0,23.4,31.2,0.0,0.0,0.0,0.0,3.0,1004.4,1002.1,99.0,1.0,0.0,99.0,0.07,0.94,32.4,158.0,18.5,33.1,156.0,27.6,28.1,26.5,21.1,0.346,0.312,0.368,0.366,0.0,0.0,0.0,0.0,0.0,0.0,0.0,0.0,0.0,0.0
2024-07-27 21:30:00,45500.0,0.895833333333333,21.1,64.6,2241,雾~多云,PID,28.1,76.0,1.5,6.5,23.45,31.1,0.0,0.0,0.0,0.0,3.0,1004.75,1002.45,96.5,0.5,0.0,96.5,0.08,0.915,32.95,157.0,19.05,33.900000000000006,155.0,27.55,28.1,26.5,21.15,0.3455,0.312,0.3675,0.366,8.0,14.600000000000001,8.0,39.0,88.05,10.35,18.9,14.7,3.4000000000000004,18.05
2024-07-27 22:00:00,45500.0,0.916666666666667,20.8,64.4,2208,雾~多云,PID,28.0,77.0,3.0,13.0,23.5,31.0,0.0,0.0,0.0,0.0,3.0,1005.1,1002.8,94.0,0.0,0.0,94.0,0.09,0.89,33.5,156.0,19.6,34.7,154.0,27.5,28.1,26.5,21.2,0.345,0.312,0.367,0.366,16.0,29.2,16.0,78.0,176.1,20.7,37.8,29.4,6.8,36.1
2024-07-27 22:30:00,45500.0,0.9375,20.5,64.3,2192,雾~多云,PID,28.3,77.0,33.0,41.5,23.85,31.35,0.0,0.0,0.0,0.0,3.0,1005.4000000000001,1003.0999999999999,97.0,1.5,0.5,97.0,0.12,0.895,34.75,156.0,20.5,34.75,153.5,27.65,28.05,26.5,21.2,0.3445,0.312,0.367,0.366,74.5,147.29999999999998,74.5,196.39999999999998,314.35,105.95,209.7,65.0,48.699999999999996,113.65
2024-07-27 23:00:00,45500.0,0.958333333333333,20.3,64.3,2260,雾~多云,PID,28.6,77.0,63.0,70.0,24.2,31.7,0.0,0.0,0.0,0.0,3.0,1005.7,1003.4,100.0,3.0,1.0,100.0,0.15,0.9,36.0,156.0,21.4,34.8,153.0,27.8,28.0,26.5,21.2,0.344,0.312,0.367,0.366,133.0,265.4,133.0,314.8,452.6,191.2,381.6,100.6,90.6,191.2
2024-07-27 23:30:00,45500.0,0.979166666666667,20.2,64.5,2103,雾~多云,PID,29.15,76.5,124.0,95.0,24.6,32.65,0.0,0.0,0.0,0.0,3.0,1005.85,1003.55,97.0,4.5,3.0,97.0,0.2,0.9450000000000001,36.7,154.0,20.45,32.3,151.5,28.1,28.0,26.45,21.2,0.34299999999999997,0.312,0.367,0.366,219.0,342.35,219.0,450.0,583.25,281.6,446.5,123.5,158.14999999999998,281.6
2024-07-28 00:00:00,45501.0,0.0,20.3,65.4,2240,多云~晴,PID,29.7,76.0,185.0,120.0,25.0,33.6,0.0,0.0,0.0,0.0,3.0,1006.0,1003.7,94.0,6.0,5.0,94.0,0.25,0.99,37.4,152.0,19.5,29.8,150.0,28.4,28.0,26.4,21.2,0.342,0.312,0.367,0.366,305.0,419.3,305.0,585.2,713.9,372.0,511.4,146.4,225.7,372.0
2024-07-28 00:30:00,45501.0,0.0208333333333333,20.4,66.0,2263,多云~晴,PID,30.5,73.5,274.0,130.0,25.2,34.35,0.0,0.0,0.0,0.0,2.0,1006.1,1003.8,67.5,3.0,2.5,67.5,0.325,1.15,37.95,151.0,20.65,30.3,149.5,29.4,28.1,26.4,21.2,0.3395,0.3115,0.3675,0.366,404.0,499.25,404.0,708.3,827.95,471.0,583.8499999999999,152.5,318.5,471.0
2024-07-28 01:00:00,45501.0,0.0416666666666667,20.6,66.8,2218,多云~晴,PID,31.3,71.0,363.0,140.0,25.4,35.1,0.0,0.0,0.0,0.0,1.0,1006.2,1003.9,41.0,0.0,0.0,41.0,0.4,1.31,38.5,150.0,21.8,30.8,149.0,30.4,28.2,26.4,21.2,0.337,0.311,0.368,0.366,503.0,579.2,503.0,831.4,942.0,570.0,656.3,158.6,411.3,570.0
2024-07-28 01:30:00,45501.0,0.0625,20.8,67.5,2247,多云~晴,PID,31.85,69.0,435.0,149.5,25.5,35.95,0.0,0.0,0.0,0.0,1.0,1006.3,1004.05,38.5,0.0,0.0,38.5,0.46,1.445,39.6,154.0,22.25,31.15,153.0,30.75,28.25,26.4,21.2,0.3355,0.311,0.3675,0.366,584.5,614.05,584.5,933.9000000000001,1031.8,645.35,679.25,165.35,480.0,645.35
2024-07-28 02:00:00,45501.0,0.0833333333333333,21.1,68.2,2221,多云~晴,PID,32.4,67.0,507.0,159.0,25.6,36.8,0.0,0.0,0.0,0.0,1.0,1006.4,1004.2,36.0,0.0,0.0,36.0,0.52,1.58,40.7,158.0,22.7,31.5,157.0,31.1,28.3,26.4,21.2,0.334,0.311,0.367,0.366,666.0,648.9,666.0,1036.4,1121.6,720.7,702.2,172.1,548.7,720.7
2024-07-28 02:30:00,45501.0,0.104166666666667,21.3,69.0,2193,多云~晴,PID,32.9,64.5,561.5,166.0,25.4,37.45,0.0,0.0,0.0,0.0,0.5,1006.3,1004.1,24.5,1.0,1.0,23.0,0.5750000000000001,1.7650000000000001,40.85,161.5,22.75,31.4,160.5,31.450000000000003,28.4,26.4,21.2,0.3325,0.3105,0.367,0.366,727.5,668.8,727.5,1111.4,1180.9499999999998,772.75,711.1,176.5,596.35,772.75
2024-07-28 03:00:00,45501.0,0.125,21.6,69.7,2272,多云~晴,PID,33.4,62.0,616.0,173.0,25.2,38.1,0.0,0.0,0.0,0.0,0.0,1006.2,1004.0,13.0,2.0,2.0,10.0,0.63,1.95,41.0,165.0,22.8,31.3,164.0,31.8,28.5,26.4,21.2,0.331,0.31,0.367,0.366,789.0,688.7,789.0,1186.4,1240.3,824.8,720.0,180.9,644.0,824.8
2024-07-28 03:30:00,45501.0,0.145833333333333,22,70.4,2321,多云~晴,PID,33.7,61.5,641.0,178.5,25.35,38.8,0.0,0.0,0.0,0.0,0.0,1006.1,1003.9,12.5,6.0,4.5,5.0,0.655,2.01,42.3,168.5,21.75,29.65,168.0,32.15,28.6,26.4,21.2,0.329,0.3095,0.367,0.366,819.5,691.85,819.5,1228.75,1265.15,843.7,712.7,183.8,659.9499999999999,843.7
2024-07-28 04:00:00,45501.0,0.166666666666667,22.3,71.0,2361,多云~晴,PID,34.0,61.0,666.0,184.0,25.5,39.5,0.0,0.0,0.0,0.0,0.0,1006.0,1003.8,12.0,10.0,7.0,0.0,0.68,2.07,43.6,172.0,20.7,28.0,172.0,32.5,28.7,26.4,21.2,0.327,0.309,0.367,0.366,850.0,695.0,850.0,1271.1,1290.0,862.6,705.4,186.7,675.9,862.6
2024-07-28 04:30:00,45501.0,0.1875,22.6,71.6,2349,多云~晴,PID,34.05,62.0,645.0,191.5,25.8,39.75,0.0,0.0,0.0,0.0,0.0,1005.75,1003.55,13.5,9.0,7.5,0.0,0.67,2.02,42.85,174.5,20.45,27.35,174.5,32.75,28.799999999999997,26.45,21.2,0.3255,0.3085,0.3665,0.366,836.5,669.65,836.5,1277.9,1278.65,837.25,670.5,191.5,645.75,837.25
2024-07-28 05:00:00,45501.0,0.208333333333333,22.9,72.2,2225,多云~晴,PID,34.1,63.0,624.0,199.0,26.1,40.0,0.0,0.0,0.0,0.0,0.0,1005.5,1003.3,15.0,8.0,8.0,0.0,0.66,1.97,42.1,177.0,20.2,26.7,177.0,33.0,28.9,26.5,21.2,0.324,0.308,0.366,0.366,823.0,644.3,823.0,1284.7,1267.3,811.9,635.6,196.3,615.6,811.9
2024-07-28 05:30:00,45501.0,0.229166666666667,23.3,72.6,2246,多云~晴,PID,34.150000000000006,62.5,594.0,197.5,26.0,39.9,0.0,0.0,0.0,0.0,0.0,1005.2,1003.0,12.5,5.5,8.0,1.0,0.64,2.005,41.75,172.0,19.75,26.5,171.5,33.15,29.049999999999997,26.5,21.2,0.3225,0.3075,0.366,0.366,791.5,627.2,791.5,1255.45,1220.55,769.7,609.8,191.95,577.75,769.7
2024-07-28 06:00:00,45501.0,0.25,23.6,73.0,2404,多云~晴,PID,34.2,62.0,564.0,196.0,25.9,39.8,0.0,0.0,0.0,0.0,0.0,1004.9,1002.7,10.0,3.0,8.0,2.0,0.62,2.04,41.4,167.0,19.3,26.3,166.0,33.3,29.2,26.5,21.2,0.321,0.307,0.366,0.366,760.0,610.1,760.0,1226.2,1173.8,727.5,584.0,187.6,539.9,727.5
2024-07-28 06:30:00,45501.0,0.270833333333333,23.9,73.3,2509,多云~晴,PID,34.25,62.5,529.5,185.5,26.049999999999997,39.8,0.0,0.0,0.0,0.0,0.0,1004.8499999999999,1002.6500000000001,12.0,5.0,9.5,2.5,0.5900000000000001,2.02,40.5,166.5,18.75,25.4,166.0,33.349999999999994,29.299999999999997,26.5,21.2,0.3195,0.3065,0.366,0.366,715.0,603.6,715.0,1162.95,1094.8,673.15,567.75,174.6,498.54999999999995,673.15
2024-07-28 07:00:00,45501.0,0.291666666666667,24.2,73.5,2506,多云~晴,PID,34.3,63.0,495.0,175.0,26.2,39.8,0.0,0.0,0.0,0.0,0.0,1004.8,1002.6,14.0,7.0,11.0,3.0,0.56,2.0,39.6,166.0,18.2,24.5,166.0,33.4,29.4,26.5,21.2,0.318,0.306,0.366,0.366,670.0,597.1,670.0,1099.7,1015.8,618.8,551.5,161.6,457.2,618.8
2024-07-28 07:30:00,45501.0,0.3125,24.4,73.6,2367,多云~晴,PID,34.25,63.5,435.5,165.5,26.25,39.599999999999994,0.0,0.0,0.0,0.0,0.0,1004.5,1002.3,14.5,8.0,9.5,3.0,0.51,1.975,38.0,160.5,17.25,23.75,160.5,33.349999999999994,29.5,26.5,21.2,0.317,0.306,0.3655,0.366,601.0,571.45,601.0,1006.75,909.9,543.45,515.9,149.45,394.0,543.45
2024-07-28 08:00:00,45501.0,0.333333333333333,25.6,73.9,2240,多云~晴,PID,34.2,64.0,376.0,156.0,26.3,39.4,0.0,0.0,0.0,0.0,0.0,1004.2,1002.0,15.0,9.0,8.0,3.0,0.46,1.95,36.4,155.0,16.3,23.0,155.0,33.3,29.6,26.5,21.2,0.316,0.306,0.365,0.366,532.0,545.8,532.0,913.8,804.0,468.1,480.3,137.3,330.8,468.1
2024-07-28 08:30:00,45501.0,0.354166666666667,25.8,73.8,2323,多云~晴,PID,34.0,65.5,295.5,138.0,26.6,39.75,0.0,0.0,0.0,0.0,0.0,1004.3,1002.1,11.0,5.5,5.5,3.0,0.38,1.8299999999999998,33.85,153.0,14.05,20.9,152.0,33.05,29.700000000000003,26.5,21.2,0.3155,0.3055,0.365,0.366,433.5,482.29999999999995,433.5,797.4,678.45,370.05,410.15,117.35000000000001,252.7,370.05
2024-07-28 09:00:00,45501.0,0.375,26.6,73.8,2376,多云~晴,PID,33.8,67.0,215.0,120.0,26.9,40.1,0.0,0.0,0.0,0.0,0.0,1004.4,1002.2,7.0,2.0,3.0,3.0,0.3,1.71,31.3,151.0,11.8,18.8,149.0,32.8,29.8,26.5,21.2,0.315,0.305,0.365,0.366,335.0,418.8,335.0,681.0,552.9,272.0,340.0,97.4,174.6,272.0
2024-07-28 09:30:00,45501.0,0.395833333333333,26.7,73.6,2292,多云~晴,PID,33.45,70.0,158.5,103.0,27.2,40.25,0.0,0.0,0.0,0.0,0.0,1004.45,1002.25,5.5,1.0,2.5,2.5,0.235,1.5499999999999998,25.35,146.0,9.75,17.35,140.0,32.55,29.85,26.5,21.2,0.3145,0.305,0.365,0.366,261.5,371.55,261.5,549.15,416.25,199.0,278.65,77.5,121.44999999999999,199.0
2024-07-28 10:00:00,45501.0,0.416666666666667,25.8,72.9,2284,多云~晴,PID,33.1,73.0,102.0,86.0,27.5,40.4,0.0,0.0,0.0,0.0,0.0,1004.5,1002.3,4.0,0.0,2.0,2.0,0.17,1.39,19.4,141.0,7.7,15.9,131.0,32.3,29.9,26.5,21.2,0.314,0.305,0.365,0.366,188.0,324.3,188.0,417.3,279.6,126.0,217.3,57.6,68.3,126.0
2024-07-28 10:30:00,45501.0,0.4375,25.8,72.4,2307,多云~晴,PID,32.4,74.0,59.5,57.5,27.15,39.4,0.0,0.0,0.0,0.0,0.0,1004.9,1002.65,5.0,1.5,2.0,2.0,0.12000000000000001,1.2699999999999998,16.9,141.5,8.2,18.45,133.0,31.95,29.95,26.5,21.2,0.314,0.305,0.365,0.366,117.0,222.2,117.0,278.95,141.10000000000002,63.3,109.5,29.05,34.3,63.45000000000001
2024-07-28 11:00:00,45501.0,0.458333333333333,25.1,71.7,2375,多云~晴,PID,31.7,75.0,17.0,29.0,26.8,38.4,0.0,0.0,0.0,0.0,0.0,1005.3,1003.0,6.0,3.0,2.0,2.0,0.07,1.15,14.4,142.0,8.7,21.0,135.0,31.6,30.0,26.5,21.2,0.314,0.305,0.365,0.366,46.0,120.1,46.0,140.6,2.6,0.6,1.7,0.5,0.3,0.9
2024-07-28 11:30:00,45501.0,0.479166666666667,25,71.1,2498,多云~晴,PID,31.5,74.5,8.5,14.5,26.450000000000003,37.8,0.0,0.0,0.0,0.0,0.0,1005.7,1003.4,7.5,1.5,5.5,1.0,0.05500000000000001,1.17,16.2,147.0,9.55,22.5,140.5,31.25,30.0,26.5,21.2,0.3135,0.305,0.365,0.366,23.0,60.05,23.0,70.3,1.3,0.3,0.8499999999999999,0.25,0.15,0.45
2024-07-28 12:00:00,45501.0,0.5,25.4,70.6,2462,多云~晴,PID,31.3,74.0,0.0,0.0,26.1,37.2,0.0,0.0,0.0,0.0,0.0,1006.1,1003.8,9.0,0.0,9.0,0.0,0.04,1.19,18.0,152.0,10.4,24.0,146.0,30.9,30.0,26.5,21.2,0.313,0.305,0.365,0.366,0.0,0.0,0.0,0.0,0.0,0.0,0.0,0.0,0.0,0.0
2024-07-28 12:30:00,45501.0,0.520833333333333,25.2,69.9,2516,多云~晴,PID,31.200000000000003,72.0,0.0,0.0,25.55,36.650000000000006,0.0,0.0,0.0,0.0,0.0,1006.4000000000001,1004.0999999999999,8.0,1.5,6.0,1.0,0.05,1.2650000000000001,19.25,150.0,11.100000000000001,24.7,147.5,31.049999999999997,29.95,26.5,21.2,0.311,0.305,0.3655,0.366,0.0,0.0,0.0,0.0,0.0,0.0,0.0,0.0,0.0,0.0
2024-07-28 13:00:00,45501.0,0.541666666666667,26,69.5,2285,多云~晴,PID,31.1,70.0,0.0,0.0,25.0,36.1,0.0,0.0,0.0,0.0,0.0,1006.7,1004.4,7.0,3.0,3.0,2.0,0.06,1.34,20.5,148.0,11.8,25.4,149.0,31.2,29.9,26.5,21.2,0.309,0.305,0.366,0.366,0.0,0.0,0.0,0.0,0.0,0.0,0.0,0.0,0.0,0.0
2024-07-28 13:30:00,45501.0,0.5625,25.8,68.8,2348,多云~晴,PID,30.8,71.5,0.0,0.0,25.05,35.75,0.0,0.0,0.0,0.0,0.0,1006.9000000000001,1004.5999999999999,10.5,1.5,8.5,1.0,0.055,1.26,20.85,150.0,12.2,25.75,149.0,30.85,29.9,26.5,21.2,0.309,0.305,0.3655,0.366,0.0,0.0,0.0,0.0,0.0,0.0,0.0,0.0,0.0,0.0
2024-07-28 14:00:00,45501.0,0.583333333333333,25,67.9,2250,多云~晴,PID,30.5,73.0,0.0,0.0,25.1,35.4,0.0,0.0,0.0,0.0,0.0,1007.1,1004.8,14.0,0.0,14.0,0.0,0.05,1.18,21.2,152.0,12.6,26.1,149.0,30.5,29.9,26.5,21.2,0.309,0.305,0.365,0.366,0.0,0.0,0.0,0.0,0.0,0.0,0.0,0.0,0.0,0.0
2024-07-28 14:30:00,45501.0,0.604166666666667,24.7,67.1,2277,多云~晴,PID,30.45,73.0,0.0,0.0,25.0,35.2,0.0,0.0,0.0,0.0,0.0,1007.1500000000001,1004.8499999999999,8.0,0.0,8.0,0.0,0.055,1.18,23.0,153.5,13.45,27.55,150.5,30.3,29.85,26.5,21.2,0.3085,0.305,0.365,0.366,0.0,0.0,0.0,0.0,0.0,0.0,0.0,0.0,0.0,0.0
2024-07-28 15:00:00,45501.0,0.625,23.4,66.1,2292,多云~晴,PID,30.4,73.0,0.0,0.0,24.9,35.0,0.0,0.0,0.0,0.0,0.0,1007.2,1004.9,2.0,0.0,2.0,0.0,0.06,1.18,24.8,155.0,14.3,29.0,152.0,30.1,29.8,26.5,21.2,0.308,0.305,0.365,0.366,0.0,0.0,0.0,0.0,0.0,0.0,0.0,0.0,0.0,0.0
2024-07-28 15:30:00,45501.0,0.645833333333333,23.1,65.5,2407,多云~晴,PID,30.25,72.0,0.0,0.0,24.6,34.65,0.0,0.0,0.0,0.0,0.0,1007.05,1004.75,1.0,0.0,1.0,0.0,0.065,1.205,24.8,157.5,14.3,28.9,153.5,29.9,29.8,26.5,21.2,0.308,0.305,0.365,0.366,0.0,0.0,0.0,0.0,0.0,0.0,0.0,0.0,0.0,0.0
2024-07-28 16:00:00,45501.0,0.666666666666667,22.8,64.8,2266,多云~晴,PID,30.1,71.0,0.0,0.0,24.3,34.3,0.0,0.0,0.0,0.0,0.0,1006.9,1004.6,0.0,0.0,0.0,0.0,0.07,1.23,24.8,160.0,14.3,28.8,155.0,29.7,29.8,26.5,21.2,0.308,0.305,0.365,0.366,0.0,0.0,0.0,0.0,0.0,0.0,0.0,0.0,0.0,0.0
2024-07-28 16:30:00,45501.0,0.6875,22.4,64.2,2196,多云~晴,PID,29.85,71.5,0.0,0.0,24.15,34.05,0.0,0.0,0.0,0.0,0.0,1006.8,1004.5,0.0,0.0,0.0,0.0,0.065,1.2,24.65,159.0,13.75,27.950000000000003,154.5,29.549999999999997,29.75,26.5,21.2,0.308,0.305,0.365,0.366,0.0,0.0,0.0,0.0,0.0,0.0,0.0,0.0,0.0,0.0
2024-07-28 17:00:00,45501.0,0.708333333333333,22.1,63.8,2514,多云~晴,PID,29.6,72.0,0.0,0.0,24.0,33.8,0.0,0.0,0.0,0.0,0.0,1006.7,1004.4,0.0,0.0,0.0,0.0,0.06,1.17,24.5,158.0,13.2,27.1,154.0,29.4,29.7,26.5,21.2,0.308,0.305,0.365,0.366,0.0,0.0,0.0,0.0,0.0,0.0,0.0,0.0,0.0,0.0
2024-07-28 17:30:00,45501.0,0.729166666666667,21.8,63.3,2555,多云~晴,PID,29.3,73.0,0.0,0.0,23.95,33.5,0.0,0.0,0.0,0.0,0.0,1006.5,1004.2,0.0,0.0,0.0,0.0,0.055,1.1099999999999999,23.6,155.5,12.899999999999999,26.65,151.5,29.25,29.65,26.5,21.2,0.308,0.305,0.365,0.366,0.0,0.0,0.0,0.0,0.0,0.0,0.0,0.0,0.0,0.0
2024-07-28 18:00:00,45501.0,0.75,22.4,63.3,2435,多云~晴,PID,29.0,74.0,0.0,0.0,23.9,33.2,0.0,0.0,0.0,0.0,0.0,1006.3,1004.0,0.0,0.0,0.0,0.0,0.05,1.05,22.7,153.0,12.6,26.2,149.0,29.1,29.6,26.5,21.2,0.308,0.305,0.365,0.366,0.0,0.0,0.0,0.0,0.0,0.0,0.0,0.0,0.0,0.0
2024-07-28 18:30:00,45501.0,0.770833333333333,22.1,63.0,2445,多云~晴,PID,28.8,74.5,0.0,0.0,23.85,32.900000000000006,0.0,0.0,0.0,0.0,0.0,1006.2,1003.9,0.0,0.0,0.0,0.0,0.05,1.005,22.5,152.0,12.8,26.65,147.5,28.950000000000003,29.55,26.55,21.25,0.308,0.305,0.365,0.366,0.0,0.0,0.0,0.0,0.0,0.0,0.0,0.0,0.0,0.0
2024-07-28 19:00:00,45501.0,0.791666666666667,22.8,63.1,2275,多云~晴,PID,28.6,75.0,0.0,0.0,23.8,32.6,0.0,0.0,0.0,0.0,0.0,1006.1,1003.8,0.0,0.0,0.0,0.0,0.05,0.96,22.3,151.0,13.0,27.1,146.0,28.8,29.5,26.6,21.3,0.308,0.305,0.365,0.366,0.0,0.0,0.0,0.0,0.0,0.0,0.0,0.0,0.0,0.0
2024-07-28 19:30:00,45501.0,0.8125,22.6,63.1,2324,多云~晴,PID,28.4,76.0,0.0,0.0,23.8,32.45,0.0,0.0,0.0,0.0,0.0,1006.1500000000001,1003.8499999999999,0.0,0.0,0.0,0.0,0.045,0.915,22.3,153.0,12.85,26.700000000000003,148.5,28.65,29.45,26.6,21.3,0.3075,0.305,0.365,0.366,0.0,0.0,0.0,0.0,0.0,0.0,0.0,0.0,0.0,0.0
2024-07-28 20:00:00,45501.0,0.833333333333333,21.4,62.8,2252,多云~晴,PID,28.2,77.0,0.0,0.0,23.8,32.3,0.0,0.0,0.0,0.0,0.0,1006.2,1003.9,0.0,0.0,0.0,0.0,0.04,0.87,22.3,155.0,12.7,26.3,151.0,28.5,29.4,26.6,21.3,0.307,0.305,0.365,0.366,0.0,0.0,0.0,0.0,0.0,0.0,0.0,0.0,0.0,0.0
2024-07-28 20:30:00,45501.0,0.854166666666667,21.3,63.0,2287,多云~晴,PID,28.0,78.0,0.0,0.0,23.8,32.15,0.0,0.0,0.0,0.0,0.0,1006.35,1004.05,0.0,0.0,0.0,0.0,0.04,0.835,21.950000000000003,155.5,12.45,25.950000000000003,151.5,28.4,29.299999999999997,26.6,21.3,0.307,0.305,0.365,0.366,0.0,0.0,0.0,0.0,0.0,0.0,0.0,0.0,0.0,0.0
2024-07-28 21:00:00,45501.0,0.875,20.2,63.0,2182,多云~晴,PID,27.8,79.0,0.0,0.0,23.8,32.0,0.0,0.0,0.0,0.0,0.0,1006.5,1004.2,0.0,0.0,0.0,0.0,0.04,0.8,21.6,156.0,12.2,25.6,152.0,28.3,29.2,26.6,21.3,0.307,0.305,0.365,0.366,0.0,0.0,0.0,0.0,0.0,0.0,0.0,0.0,0.0,0.0
2024-07-28 21:30:00,45501.0,0.895833333333333,20.1,63.3,2402,多云~晴,PID,27.75,80.0,2.0,6.0,23.9,32.0,0.0,0.0,0.0,0.0,0.0,1006.8,1004.5,0.0,0.0,0.0,0.0,0.045,0.76,21.25,157.0,12.149999999999999,25.05,152.5,28.200000000000003,29.15,26.6,21.3,0.307,0.305,0.365,0.366,8.0,19.65,8.0,38.35,86.75,10.3,25.3,13.550000000000002,4.5,18.1
2024-07-28 22:00:00,45501.0,0.916666666666667,20.1,63.7,2273,多云~晴,PID,27.7,81.0,4.0,12.0,24.0,32.0,0.0,0.0,0.0,0.0,0.0,1007.1,1004.8,0.0,0.0,0.0,0.0,0.05,0.72,20.9,158.0,12.1,24.5,153.0,28.1,29.1,26.6,21.3,0.307,0.305,0.365,0.366,16.0,39.3,16.0,76.7,173.5,20.6,50.6,27.1,9.0,36.2
2024-07-28 22:30:00,45501.0,0.9375,20.1,64.2,2253,多云~晴,PID,28.1,81.0,37.0,39.0,24.45,32.7,0.0,0.0,0.0,0.0,0.0,1007.45,1005.15,0.0,0.0,0.0,0.0,0.08499999999999999,0.725,21.25,159.0,12.0,25.05,154.0,28.25,29.05,26.6,21.3,0.307,0.305,0.365,0.366,76.0,168.3,76.0,194.55,311.95,108.35,239.6,61.15,54.95,116.14999999999999
2024-07-28 23:00:00,45501.0,0.958333333333333,20.2,64.8,2239,多云~晴,PID,28.5,81.0,70.0,66.0,24.9,33.4,0.0,0.0,0.0,0.0,0.0,1007.8,1005.5,0.0,0.0,0.0,0.0,0.12,0.73,21.6,160.0,11.9,25.6,155.0,28.4,29.0,26.6,21.3,0.307,0.305,0.365,0.366,136.0,297.3,136.0,312.4,450.4,196.1,428.6,95.2,100.9,196.1
2024-07-28 23:30:00,45501.0,0.979166666666667,20.3,65.4,2280,多云~晴,PID,29.15,79.5,141.5,86.0,25.25,34.349999999999994,0.0,0.0,0.0,0.0,0.0,1007.9,1005.6,0.0,0.0,0.0,0.0,0.18,0.815,21.4,160.0,11.45,21.4,156.0,28.75,28.95,26.6,21.3,0.3065,0.305,0.365,0.366,227.5,390.9,227.5,447.84999999999997,581.25,292.8,510.05,112.30000000000001,180.45,292.8
2024-07-29 00:00:00,45502.0,0.0,20.9,67.6,2233,多云,PID,29.8,78.0,213.0,106.0,25.6,35.3,0.0,0.0,0.0,0.0,0.0,1008.0,1005.7,0.0,0.0,0.0,0.0,0.24,0.9,21.2,160.0,11.0,17.2,157.0,29.1,28.9,26.6,21.3,0.306,0.305,0.365,0.366,319.0,484.5,319.0,583.3,712.1,389.5,591.5,129.4,260.0,389.5
2024-07-29 00:30:00,45502.0,0.0208333333333333,21.1,68.3,2243,多云,PID,30.700000000000003,75.0,296.5,119.0,25.8,36.45,0.0,0.0,0.0,0.0,0.0,1008.2,1005.9000000000001,0.0,0.0,0.0,0.0,0.315,1.095,21.049999999999997,161.5,10.45,15.399999999999999,159.0,30.200000000000003,28.95,26.6,21.3,0.303,0.304,0.365,0.366,415.5,546.0500000000001,415.5,706.55,826.35,484.95,640.15,139.5,345.4,484.95
2024-07-29 01:00:00,45502.0,0.0416666666666667,21.4,69.1,2196,多云,PID,31.6,72.0,380.0,132.0,26.0,37.6,0.0,0.0,0.0,0.0,0.0,1008.4,1006.1,0.0,0.0,0.0,0.0,0.39,1.29,20.9,163.0,9.9,13.6,161.0,31.3,29.0,26.6,21.3,0.3,0.303,0.365,0.366,512.0,607.6,512.0,829.8,940.6,580.4,688.8,149.6,430.8,580.4
2024-07-29 01:30:00,45502.0,0.0625,21.7,69.8,2266,多云,PID,32.35,69.5,455.5,141.0,26.05,38.7,0.0,0.0,0.0,0.0,0.0,1008.4,1006.1500000000001,0.0,0.0,0.0,0.0,0.46,1.4849999999999999,21.25,170.0,10.0,13.45,167.5,31.75,29.1,26.6,21.3,0.299,0.3025,0.365,0.366,596.5,644.1,596.5,932.4499999999999,1030.5,658.75,712.75,156.0,502.79999999999995,658.75
2024-07-29 02:00:00,45502.0,0.0833333333333333,22,70.5,2219,多云,PID,33.1,67.0,531.0,150.0,26.1,39.8,0.0,0.0,0.0,0.0,0.0,1008.4,1006.2,0.0,0.0,0.0,0.0,0.53,1.68,21.6,177.0,10.1,13.3,174.0,32.2,29.2,26.6,21.3,0.298,0.302,0.365,0.366,681.0,680.6,681.0,1035.1,1120.4,737.1,736.7,162.4,574.8,737.1
2024-07-29 02:30:00,45502.0,0.104166666666667,22.3,71.2,2134,多云,PID,33.6,64.0,589.0,155.0,25.85,40.5,0.0,0.0,0.0,0.0,0.0,1008.3499999999999,1006.1500000000001,0.0,0.0,0.0,0.0,0.5850000000000001,1.8649999999999998,21.950000000000003,181.0,10.3,13.350000000000001,179.0,32.650000000000006,29.25,26.6,21.3,0.297,0.3015,0.3645,0.366,744.0,702.4000000000001,744.0,1110.1999999999998,1179.85,790.4000000000001,746.95,164.85000000000002,625.65,790.4000000000001
2024-07-29 03:00:00,45502.0,0.125,22.7,71.8,2302,多云,PID,34.1,61.0,647.0,160.0,25.6,41.2,0.0,0.0,0.0,0.0,0.0,1008.3,1006.1,0.0,0.0,0.0,0.0,0.64,2.05,22.3,185.0,10.5,13.4,184.0,33.1,29.3,26.6,21.3,0.296,0.301,0.364,0.366,807.0,724.2,807.0,1185.3,1239.3,843.7,757.2,167.3,676.5,843.7
2024-07-29 03:30:00,45502.0,0.145833333333333,23,72.3,2307,多云,PID,34.400000000000006,59.5,678.5,164.0,25.450000000000003,41.6,0.0,0.0,0.0,0.0,0.0,1008.05,1005.85,3.0,2.0,2.0,0.0,0.6699999999999999,2.1849999999999996,22.3,187.0,10.5,13.45,186.0,33.5,29.450000000000003,26.6,21.3,0.2945,0.3005,0.364,0.366,842.5,732.95,842.5,1227.6999999999998,1264.15,867.4000000000001,754.95,168.9,698.55,867.4000000000001
2024-07-29 04:00:00,45502.0,0.166666666666667,23.3,72.8,2356,多云,PID,34.7,58.0,710.0,168.0,25.3,42.0,0.0,0.0,0.0,0.0,0.0,1007.8,1005.6,6.0,4.0,4.0,0.0,0.7,2.32,22.3,189.0,10.5,13.5,188.0,33.9,29.6,26.6,21.3,0.293,0.3,0.364,0.366,878.0,741.7,878.0,1270.1,1289.0,891.1,752.7,170.5,720.6,891.1
2024-07-29 04:30:00,45502.0,0.1875,23.6,73.2,2299,多云,PID,34.900000000000006,56.5,697.5,172.0,25.1,42.0,0.0,0.0,0.0,0.0,0.0,1007.5,1005.3,5.5,3.0,4.5,0.0,0.7,2.42,22.3,190.5,10.6,13.55,190.0,34.15,29.700000000000003,26.6,21.3,0.2915,0.2995,0.3635,0.366,869.5,724.85,869.5,1276.9,1277.65,870.2,725.55,172.05,698.1500000000001,870.2
2024-07-29 05:00:00,45502.0,0.208333333333333,23.9,73.5,2243,多云,PID,35.1,55.0,685.0,176.0,24.9,42.0,0.0,0.0,0.0,0.0,0.0,1007.2,1005.0,5.0,2.0,5.0,0.0,0.7,2.52,22.3,192.0,10.7,13.6,192.0,34.4,29.8,26.6,21.3,0.29,0.299,0.363,0.366,861.0,708.0,861.0,1283.7,1266.3,849.3,698.4,173.6,675.7,849.3
2024-07-29 05:30:00,45502.0,0.229166666666667,24.2,73.7,2297,多云,PID,35.25,54.5,667.5,171.5,24.7,41.95,0.0,0.0,0.0,0.0,0.0,1006.8,1004.6,3.5,1.0,3.5,0.0,0.685,2.59,22.3,193.0,10.149999999999999,12.75,192.5,34.55,29.950000000000003,26.6,21.3,0.2885,0.2985,0.363,0.366,839.0,705.95,839.0,1254.4,1219.4499999999998,815.65,686.05,166.7,648.9000000000001,815.65
2024-07-29 06:00:00,45502.0,0.25,24.5,73.9,2554,多云,PID,35.4,54.0,650.0,167.0,24.5,41.9,0.0,0.0,0.0,0.0,0.0,1006.4,1004.2,2.0,0.0,2.0,0.0,0.67,2.66,22.3,194.0,9.6,11.9,193.0,34.7,30.1,26.6,21.3,0.287,0.298,0.363,0.366,817.0,703.9,817.0,1225.1,1172.6,782.0,673.7,159.8,622.1,782.0
2024-07-29 06:30:00,45502.0,0.270833333333333,24.7,73.9,2482,多云,PID,35.349999999999994,54.5,609.5,161.5,24.65,41.65,0.0,0.0,0.0,0.0,0.0,1006.05,1003.85,1.5,0.0,1.5,0.0,0.635,2.63,21.25,189.5,9.85,12.45,189.5,34.75,30.200000000000003,26.6,21.3,0.286,0.2975,0.363,0.366,771.0,695.5999999999999,771.0,1161.75,1093.4499999999998,725.75,654.2,151.95,573.75,725.75
2024-07-29 07:00:00,45502.0,0.291666666666667,24.9,73.8,2413,多云,PID,35.3,55.0,569.0,156.0,24.8,41.4,0.0,0.0,0.0,0.0,0.0,1005.7,1003.5,1.0,0.0,1.0,0.0,0.6,2.6,20.2,185.0,10.1,13.0,186.0,34.8,30.3,26.6,21.3,0.285,0.297,0.363,0.366,725.0,687.3,725.0,1098.4,1014.3,669.5,634.7,144.1,525.4,669.5
2024-07-29 07:30:00,45502.0,0.3125,25,73.6,2576,多云,PID,35.2,55.0,502.0,148.0,24.8,40.849999999999994,0.0,0.0,0.0,0.0,0.0,1005.35,1003.15,2.0,0.5,1.5,0.0,0.5449999999999999,2.5549999999999997,20.2,177.0,10.2,13.3,177.0,34.65,30.4,26.6,21.3,0.284,0.297,0.3625,0.366,650.0,660.05,650.0,1005.25,908.2,587.6,595.6,133.6,454.0,587.6
2024-07-29 08:00:00,45502.0,0.333333333333333,25.7,73.5,2340,多云,PID,35.1,55.0,435.0,140.0,24.8,40.3,0.0,0.0,0.0,0.0,0.0,1005.0,1002.8,3.0,1.0,2.0,0.0,0.49,2.51,20.2,169.0,10.3,13.6,168.0,34.5,30.5,26.6,21.3,0.283,0.297,0.362,0.366,575.0,632.8,575.0,912.1,802.1,505.7,556.5,123.1,382.6,505.7
2024-07-29 08:30:00,45502.0,0.354166666666667,25.7,73.1,2266,多云,PID,34.75,57.0,353.5,129.0,25.05,40.05,0.0,0.0,0.0,0.0,0.0,1004.7,1002.5,3.0,1.0,2.0,0.0,0.42,2.355,19.65,162.0,10.2,14.75,160.5,34.25,30.6,26.6,21.3,0.28200000000000003,0.2965,0.362,0.366,482.5,582.2,482.5,795.5,676.35,411.0,493.8,109.4,301.6,411.0
2024-07-29 09:00:00,45502.0,0.375,26.6,73.0,2214,多云,PID,34.4,59.0,272.0,118.0,25.3,39.8,0.0,0.0,0.0,0.0,0.0,1004.4,1002.2,3.0,1.0,2.0,0.0,0.35,2.2,19.1,155.0,10.1,15.9,153.0,34.0,30.7,26.6,21.3,0.281,0.296,0.362,0.366,390.0,531.6,390.0,678.9,550.6,316.3,431.1,95.7,220.6,316.3
2024-07-29 09:30:00,45502.0,0.395833333333333,26.6,72.5,2390,多云,PID,33.7,63.5,194.5,100.0,25.85,39.599999999999994,0.0,0.0,0.0,0.0,0.0,1004.4,1002.2,2.5,0.5,2.0,0.0,0.27,1.895,18.200000000000003,153.5,9.35,16.9,150.0,33.6,30.75,26.6,21.3,0.281,0.296,0.362,0.366,294.5,452.95000000000005,294.5,546.85,413.70000000000005,224.55,340.45000000000005,75.2,149.35,224.55
2024-07-29 10:00:00,45502.0,0.416666666666667,26,71.7,2301,多云,PID,33.0,68.0,117.0,82.0,26.4,39.4,0.0,0.0,0.0,0.0,0.0,1004.4,1002.2,2.0,0.0,2.0,0.0,0.19,1.59,17.3,152.0,8.6,17.9,147.0,33.2,30.8,26.6,21.3,0.281,0.296,0.362,0.366,199.0,374.3,199.0,414.8,276.8,132.8,249.8,54.7,78.1,132.8
2024-07-29 10:30:00,45502.0,0.4375,25.9,71.1,2346,多云,PID,32.15,71.0,68.0,55.5,26.25,38.7,0.0,0.0,0.0,0.0,0.0,1004.65,1002.4000000000001,2.0,0.0,2.0,0.0,0.125,1.3900000000000001,16.05,152.5,7.25,16.6,144.5,32.7,30.8,26.65,21.3,0.281,0.296,0.362,0.366,123.5,254.75,123.5,276.2,138.4,66.4,124.9,27.35,39.05,66.4
2024-07-29 11:00:00,45502.0,0.458333333333333,24.8,70.1,2500,多云,PID,31.3,74.0,19.0,29.0,26.1,38.0,0.0,0.0,0.0,0.0,0.0,1004.9,1002.6,2.0,0.0,2.0,0.0,0.06,1.19,14.8,153.0,5.9,15.3,142.0,32.2,30.8,26.7,21.3,0.281,0.296,0.362,0.366,48.0,135.2,48.0,137.6,0.0,0.0,0.0,0.0,0.0,0.0
2024-07-29 11:30:00,45502.0,0.479166666666667,24.6,69.4,2475,多云,PID,30.950000000000003,76.0,9.5,14.5,26.25,37.7,0.0,0.0,0.0,0.0,0.0,1005.3,1003.0,2.0,0.0,2.0,0.0,0.04,1.075,12.45,138.5,6.1,15.3,128.0,31.75,30.8,26.7,21.3,0.281,0.296,0.362,0.366,24.0,67.6,24.0,68.8,0.0,0.0,0.0,0.0,0.0,0.0
2024-07-29 12:00:00,45502.0,0.5,25.1,68.9,2492,多云,PID,30.6,78.0,0.0,0.0,26.4,37.4,0.0,0.0,0.0,0.0,0.0,1005.7,1003.4,2.0,0.0,2.0,0.0,0.02,0.96,10.1,124.0,6.3,15.3,114.0,31.3,30.8,26.7,21.3,0.281,0.296,0.362,0.366,0.0,0.0,0.0,0.0,0.0,0.0,0.0,0.0,0.0,0.0
2024-07-29 12:30:00,45502.0,0.520833333333333,24.9,68.1,2513,多云,PID,30.8,76.0,0.0,0.0,26.1,37.0,0.0,0.0,0.0,0.0,0.0,1006.0,1003.7,1.5,0.0,1.5,0.0,0.035,1.065,14.600000000000001,122.5,8.8,19.6,115.5,31.55,30.75,26.7,21.3,0.2785,0.295,0.3615,0.366,0.0,0.0,0.0,0.0,0.0,0.0,0.0,0.0,0.0,0.0
2024-07-29 13:00:00,45502.0,0.541666666666667,25.1,67.6,2315,多云,PID,31.0,74.0,0.0,0.0,25.8,36.6,0.0,0.0,0.0,0.0,0.0,1006.3,1004.0,1.0,0.0,1.0,0.0,0.05,1.17,19.1,121.0,11.3,23.9,117.0,31.8,30.7,26.7,21.3,0.276,0.294,0.361,0.366,0.0,0.0,0.0,0.0,0.0,0.0,0.0,0.0,0.0,0.0
2024-07-29 13:30:00,45502.0,0.5625,24.8,66.8,2296,多云,PID,30.7,74.0,0.0,0.0,25.5,36.25,0.0,0.0,0.0,0.0,0.0,1006.45,1004.15,0.5,0.0,0.5,0.0,0.045,1.1549999999999998,19.1,123.0,10.5,23.35,119.0,31.450000000000003,30.65,26.7,21.3,0.276,0.294,0.361,0.366,0.0,0.0,0.0,0.0,0.0,0.0,0.0,0.0,0.0,0.0
2024-07-29 14:00:00,45502.0,0.583333333333333,23.8,66.0,2250,多云,PID,30.4,74.0,0.0,0.0,25.2,35.9,0.0,0.0,0.0,0.0,0.0,1006.6,1004.3,0.0,0.0,0.0,0.0,0.04,1.14,19.1,125.0,9.7,22.8,121.0,31.1,30.6,26.7,21.3,0.276,0.294,0.361,0.366,0.0,0.0,0.0,0.0,0.0,0.0,0.0,0.0,0.0,0.0
2024-07-29 14:30:00,45502.0,0.604166666666667,23.4,65.3,2262,多云,PID,30.1,74.5,0.0,0.0,25.049999999999997,35.65,0.0,0.0,0.0,0.0,0.0,1006.6500000000001,1004.3499999999999,0.5,0.0,0.5,0.0,0.03,1.1,18.0,123.0,8.45,21.1,119.0,30.8,30.6,26.7,21.35,0.276,0.294,0.361,0.366,0.0,0.0,0.0,0.0,0.0,0.0,0.0,0.0,0.0,0.0
2024-07-29 15:00:00,45502.0,0.625,22.6,64.6,2278,多云,PID,29.8,75.0,0.0,0.0,24.9,35.4,0.0,0.0,0.0,0.0,0.0,1006.7,1004.4,1.0,0.0,1.0,0.0,0.02,1.06,16.9,121.0,7.2,19.4,117.0,30.5,30.6,26.7,21.4,0.276,0.294,0.361,0.366,0.0,0.0,0.0,0.0,0.0,0.0,0.0,0.0,0.0,0.0
2024-07-29 15:30:00,45502.0,0.645833333333333,22.3,64.1,2336,多云,PID,29.5,76.0,0.0,0.0,24.85,35.15,0.0,0.0,0.0,0.0,0.0,1006.45,1004.15,2.0,1.0,0.5,0.0,0.02,0.99,14.549999999999999,117.0,6.7,18.35,108.5,30.2,30.55,26.7,21.4,0.276,0.294,0.361,0.366,0.0,0.0,0.0,0.0,0.0,0.0,0.0,0.0,0.0,0.0
2024-07-29 16:00:00,45502.0,0.666666666666667,21.9,63.6,2211,多云,PID,29.2,77.0,0.0,0.0,24.8,34.9,0.0,0.0,0.0,0.0,0.0,1006.2,1003.9,3.0,2.0,0.0,0.0,0.02,0.92,12.2,113.0,6.2,17.3,100.0,29.9,30.5,26.7,21.4,0.276,0.294,0.361,0.366,0.0,0.0,0.0,0.0,0.0,0.0,0.0,0.0,0.0,0.0
2024-07-29 16:30:00,45502.0,0.6875,21.6,63.3,2357,多云,PID,29.2,76.0,0.0,0.0,24.6,34.599999999999994,0.0,0.0,0.0,0.0,0.0,1005.95,1003.65,1.5,1.0,0.0,0.0,0.025,0.9550000000000001,13.1,113.0,7.15,19.05,101.5,29.7,30.4,26.7,21.4,0.276,0.294,0.361,0.366,0.0,0.0,0.0,0.0,0.0,0.0,0.0,0.0,0.0,0.0
2024-07-29 17:00:00,45502.0,0.708333333333333,21.3,63.0,2476,多云,PID,29.2,75.0,0.0,0.0,24.4,34.3,0.0,0.0,0.0,0.0,0.0,1005.7,1003.4,0.0,0.0,0.0,0.0,0.03,0.99,14.0,113.0,8.1,20.8,103.0,29.5,30.3,26.7,21.4,0.276,0.294,0.361,0.366,0.0,0.0,0.0,0.0,0.0,0.0,0.0,0.0,0.0,0.0
2024-07-29 17:30:00,45502.0,0.729166666666667,21.1,62.8,2427,多云,PID,28.9,78.0,0.0,0.0,24.7,34.25,0.0,0.0,0.0,0.0,0.0,1005.5,1003.2,0.0,0.0,0.0,0.0,0.02,0.865,14.0,117.5,7.75,20.200000000000003,108.0,29.35,30.25,26.7,21.4,0.276,0.294,0.361,0.366,0.0,0.0,0.0,0.0,0.0,0.0,0.0,0.0,0.0,0.0
2024-07-29 18:00:00,45502.0,0.75,21.8,63.1,2463,多云,PID,28.6,81.0,0.0,0.0,25.0,34.2,0.0,0.0,0.0,0.0,0.0,1005.3,1003.0,0.0,0.0,0.0,0.0,0.01,0.74,14.0,122.0,7.4,19.6,113.0,29.2,30.2,26.7,21.4,0.276,0.294,0.361,0.366,0.0,0.0,0.0,0.0,0.0,0.0,0.0,0.0,0.0,0.0
2024-07-29 18:30:00,45502.0,0.770833333333333,21.6,63.1,2424,多云,PID,28.4,83.0,0.0,0.0,25.25,34.25,0.0,0.0,0.0,0.0,0.0,1005.25,1002.95,0.0,0.0,0.0,0.0,0.01,0.65,13.5,126.0,7.25,19.25,116.5,29.049999999999997,30.1,26.7,21.4,0.276,0.294,0.361,0.366,0.0,0.0,0.0,0.0,0.0,0.0,0.0,0.0,0.0,0.0
2024-07-29 19:00:00,45502.0,0.791666666666667,22.1,63.4,2329,多云,PID,28.2,85.0,0.0,0.0,25.5,34.3,0.0,0.0,0.0,0.0,0.0,1005.2,1002.9,0.0,0.0,0.0,0.0,0.01,0.56,13.0,130.0,7.1,18.9,120.0,28.9,30.0,26.7,21.4,0.276,0.294,0.361,0.366,0.0,0.0,0.0,0.0,0.0,0.0,0.0,0.0,0.0,0.0
2024-07-29 19:30:00,45502.0,0.8125,22,63.6,2258,多云,PID,28.15,85.5,0.0,0.0,25.55,34.2,0.0,0.0,0.0,0.0,0.0,1005.1500000000001,1002.8499999999999,0.0,0.0,0.0,0.0,0.01,0.545,13.15,135.0,7.5,19.299999999999997,126.5,28.75,29.95,26.75,21.4,0.276,0.294,0.361,0.366,0.0,0.0,0.0,0.0,0.0,0.0,0.0,0.0,0.0,0.0
2024-07-29 20:00:00,45502.0,0.833333333333333,21,63.7,2336,多云,PID,28.1,86.0,0.0,0.0,25.6,34.1,0.0,0.0,0.0,0.0,0.0,1005.1,1002.8,0.0,0.0,0.0,0.0,0.01,0.53,13.3,140.0,7.9,19.7,133.0,28.6,29.9,26.8,21.4,0.276,0.294,0.361,0.366,0.0,0.0,0.0,0.0,0.0,0.0,0.0,0.0,0.0,0.0
2024-07-29 20:30:00,45502.0,0.854166666666667,20.9,64.1,2370,多云,PID,28.0,86.0,0.0,0.0,25.4,33.85,0.0,0.0,0.0,0.0,0.0,1005.2,1002.9,0.0,0.0,0.0,0.0,0.01,0.535,13.65,146.5,8.05,19.9,142.0,28.5,29.799999999999997,26.8,21.4,0.276,0.294,0.361,0.366,0.0,0.0,0.0,0.0,0.0,0.0,0.0,0.0,0.0,0.0
2024-07-29 21:00:00,45502.0,0.875,20.2,64.3,2307,多云,PID,27.9,86.0,0.0,0.0,25.2,33.6,0.0,0.0,0.0,0.0,0.0,1005.3,1003.0,0.0,0.0,0.0,0.0,0.01,0.54,14.0,153.0,8.2,20.1,151.0,28.4,29.7,26.8,21.4,0.276,0.294,0.361,0.366,0.0,0.0,0.0,0.0,0.0,0.0,0.0,0.0,0.0,0.0
2024-07-29 21:30:00,45502.0,0.895833333333333,20.3,64.9,2354,多云,PID,27.95,84.5,2.0,6.0,24.95,33.400000000000006,0.0,0.0,0.0,0.0,0.0,1005.45,1003.15,0.0,0.0,0.0,0.0,0.025,0.6000000000000001,14.55,155.5,8.6,20.0,151.0,28.35,29.65,26.8,21.4,0.276,0.294,0.361,0.366,8.0,19.85,8.0,37.7,85.45,10.25,25.4,13.600000000000001,4.55,18.15
2024-07-29 22:00:00,45502.0,0.916666666666667,20.4,65.5,2285,多云,PID,28.0,83.0,4.0,12.0,24.7,33.2,0.0,0.0,0.0,0.0,0.0,1005.6,1003.3,0.0,0.0,0.0,0.0,0.04,0.66,15.1,158.0,9.0,19.9,151.0,28.3,29.6,26.8,21.4,0.276,0.294,0.361,0.366,16.0,39.7,16.0,75.4,170.9,20.5,50.8,27.2,9.1,36.3
2024-07-29 22:30:00,45502.0,0.9375,20.5,66.2,2245,多云,PID,28.4,81.5,37.0,39.0,24.85,33.6,0.0,0.0,0.0,0.0,0.0,1005.6500000000001,1003.3499999999999,0.0,0.0,0.0,0.0,0.07999999999999999,0.7250000000000001,16.75,161.5,9.8,20.799999999999997,153.5,28.5,29.55,26.8,21.4,0.276,0.294,0.361,0.366,76.0,169.65000000000003,76.0,192.7,309.54999999999995,108.55,242.05,61.3,55.150000000000006,116.45
2024-07-29 23:00:00,45502.0,0.958333333333333,20.7,66.9,2225,多云,PID,28.8,80.0,70.0,66.0,25.0,34.0,0.0,0.0,0.0,0.0,0.0,1005.7,1003.4,0.0,0.0,0.0,0.0,0.12,0.79,18.4,165.0,10.6,21.7,156.0,28.7,29.5,26.8,21.4,0.276,0.294,0.361,0.366,136.0,299.6,136.0,310.0,448.2,196.6,433.3,95.4,101.2,196.6
2024-07-29 23:30:00,45502.0,0.979166666666667,20.9,67.6,2224,多云,PID,29.6,78.0,142.0,85.5,25.35,35.0,0.0,0.0,0.0,0.0,0.0,1005.85,1003.55,0.0,0.0,0.0,0.0,0.185,0.91,19.65,166.5,10.75,19.7,159.5,29.1,29.45,26.8,21.4,0.2755,0.294,0.3605,0.366,227.5,394.1,227.5,445.65,579.25,293.2,515.15,111.85000000000001,181.35000000000002,293.2
2024-07-30 00:00:00,45503.0,0.0,18.8,77.3,2316,中雨~阴,PID,30.4,76.0,214.0,105.0,25.7,36.0,0.0,0.0,0.0,0.0,0.0,1006.0,1003.7,0.0,0.0,0.0,0.0,0.25,1.03,20.9,168.0,10.9,17.7,163.0,29.5,29.4,26.8,21.4,0.275,0.294,0.36,0.366,319.0,488.6,319.0,581.3,710.3,389.8,597.0,128.3,261.5,389.8
2024-07-30 00:30:00,45503.0,0.0208333333333333,18.9,77.8,2279,中雨~阴,PID,31.049999999999997,73.5,295.5,118.5,25.799999999999997,36.75,0.0,0.0,0.0,0.0,0.0,1006.0,1003.7,0.0,0.0,0.0,0.0,0.32,1.1800000000000002,21.049999999999997,161.5,10.7,15.8,158.0,30.5,29.4,26.8,21.4,0.274,0.293,0.3605,0.366,414.0,546.35,414.0,704.75,824.75,483.5,641.05,139.0,344.5,483.5
2024-07-30 01:00:00,45503.0,0.0416666666666667,19,78.5,2146,中雨~阴,PID,31.7,71.0,377.0,132.0,25.9,37.5,0.0,0.0,0.0,0.0,0.0,1006.0,1003.7,0.0,0.0,0.0,0.0,0.39,1.33,21.2,155.0,10.5,13.9,153.0,31.5,29.4,26.8,21.4,0.273,0.292,0.361,0.366,509.0,604.1,509.0,828.2,939.2,577.2,685.1,149.7,427.5,577.2
2024-07-30 01:30:00,45503.0,0.0625,19.1,79.1,2214,中雨~阴,PID,32.35,69.5,451.0,141.0,26.049999999999997,38.6,0.0,0.0,0.0,0.0,0.0,1006.0,1003.75,0.0,0.0,0.0,0.0,0.46,1.48,21.95,161.0,10.65,14.0,159.0,31.95,29.45,26.8,21.4,0.272,0.292,0.3605,0.366,592.0,639.0,592.0,931.0,1029.25,654.0,707.35,156.05,497.95,654.0
2024-07-30 02:00:00,45503.0,0.0833333333333333,19.3,79.8,2312,中雨~阴,PID,33.0,68.0,525.0,150.0,26.2,39.7,0.0,0.0,0.0,0.0,0.0,1006.0,1003.8,0.0,0.0,0.0,0.0,0.53,1.63,22.7,167.0,10.8,14.1,165.0,32.4,29.5,26.8,21.4,0.271,0.292,0.36,0.366,675.0,673.9,675.0,1033.8,1119.3,730.8,729.6,162.4,568.4,730.8
2024-07-30 02:30:00,45503.0,0.104166666666667,19.5,80.0,2213,中雨~阴,PID,33.55,66.0,581.0,156.5,26.2,40.5,0.0,0.0,0.0,0.0,0.0,1005.95,1003.75,0.0,0.0,0.0,0.0,0.5800000000000001,1.79,23.25,172.0,11.15,14.45,170.5,32.9,29.6,26.8,21.4,0.27,0.2915,0.36,0.3655,737.5,693.8499999999999,737.5,1109.0,1178.8,783.65,738.0,166.4,617.25,783.65
2024-07-30 03:00:00,45503.0,0.125,19.8,80.0,2269,中雨~阴,PID,34.1,64.0,637.0,163.0,26.2,41.3,0.0,0.0,0.0,0.0,0.0,1005.9,1003.7,0.0,0.0,0.0,0.0,0.63,1.95,23.8,177.0,11.5,14.8,176.0,33.4,29.7,26.8,21.4,0.269,0.291,0.36,0.365,800.0,713.8,800.0,1184.2,1238.3,836.5,746.4,170.4,666.1,836.5
2024-07-30 03:30:00,45503.0,0.145833333333333,20.1,80.0,2320,中雨~阴,PID,34.400000000000006,62.0,668.5,167.0,26.0,41.75,0.0,0.0,0.0,0.0,0.0,1005.7,1003.5,0.0,0.0,0.0,0.0,0.665,2.08,23.8,180.5,11.35,14.45,180.0,33.8,29.799999999999997,26.8,21.4,0.2675,0.2905,0.36,0.365,835.5,722.9,835.5,1226.65,1263.15,860.25,744.65,172.0,688.25,860.25
2024-07-30 04:00:00,45503.0,0.166666666666667,20.4,80.0,2258,中雨~阴,PID,34.7,60.0,700.0,171.0,25.8,42.2,0.0,0.0,0.0,0.0,0.0,1005.5,1003.3,0.0,0.0,0.0,0.0,0.7,2.21,23.8,184.0,11.2,14.1,184.0,34.2,29.9,26.8,21.4,0.266,0.29,0.36,0.365,871.0,732.0,871.0,1269.1,1288.0,884.0,742.9,173.6,710.4,884.0
2024-07-30 04:30:00,45503.0,0.1875,20.7,80.0,2358,中雨~阴,PID,34.95,58.5,696.0,173.5,25.55,42.35,0.0,0.0,0.0,0.0,0.0,1005.2,1003.0,1.0,0.5,1.0,0.0,0.705,2.335,23.4,184.5,10.649999999999999,13.35,184.0,34.5,30.0,26.8,21.4,0.265,0.2895,0.3595,0.365,869.5,724.0,869.5,1275.9,1276.6,870.1,724.55,173.6,696.5,870.1
2024-07-30 05:00:00,45503.0,0.208333333333333,21,80.0,2320,中雨~阴,PID,35.2,57.0,692.0,176.0,25.3,42.5,0.0,0.0,0.0,0.0,0.0,1004.9,1002.7,2.0,1.0,2.0,0.0,0.71,2.46,23.0,185.0,10.1,12.6,184.0,34.8,30.1,26.8,21.4,0.264,0.289,0.359,0.365,868.0,716.0,868.0,1282.7,1265.2,856.2,706.2,173.6,682.6,856.2
2024-07-30 05:30:00,45503.0,0.229166666666667,21.3,80.0,2340,中雨~阴,PID,35.3,55.5,673.0,172.5,25.05,42.4,0.0,0.0,0.0,0.0,0.0,1004.5999999999999,1002.4000000000001,4.5,3.0,4.5,0.0,0.69,2.54,22.1,184.5,9.55,11.899999999999999,183.0,35.0,30.25,26.8,21.4,0.2625,0.288,0.359,0.365,845.5,712.55,845.5,1253.35,1218.25,821.9000000000001,692.4000000000001,167.64999999999998,654.25,821.9000000000001
2024-07-30 06:00:00,45503.0,0.25,21.7,80.0,2588,中雨~阴,PID,35.4,54.0,654.0,169.0,24.8,42.3,0.0,0.0,0.0,0.0,0.0,1004.3,1002.1,7.0,5.0,7.0,0.0,0.67,2.62,21.2,184.0,9.0,11.2,182.0,35.2,30.4,26.8,21.4,0.261,0.287,0.359,0.365,823.0,709.1,823.0,1224.0,1171.3,787.6,678.6,161.7,625.9,787.6
2024-07-30 06:30:00,45503.0,0.270833333333333,22,80.0,2459,中雨~阴,PID,35.45,53.5,595.0,165.5,24.700000000000003,41.95,0.0,0.0,0.0,0.0,0.0,1004.05,1001.85,6.5,3.5,6.5,0.0,0.625,2.6500000000000004,20.299999999999997,177.0,8.7,10.899999999999999,176.0,35.2,30.5,26.8,21.4,0.26,0.287,0.3585,0.365,760.5,678.8,760.5,1160.5,1092.0,716.0,638.6,155.64999999999998,560.35,716.0
2024-07-30 07:00:00,45503.0,0.291666666666667,22.3,80.0,2639,中雨~阴,PID,35.5,53.0,536.0,162.0,24.6,41.6,0.0,0.0,0.0,0.0,0.0,1003.8,1001.6,6.0,2.0,6.0,0.0,0.58,2.68,19.4,170.0,8.4,10.6,170.0,35.2,30.6,26.8,21.4,0.259,0.287,0.358,0.365,698.0,648.5,698.0,1097.0,1012.7,644.4,598.6,149.6,494.8,644.4
2024-07-30 07:30:00,45503.0,0.3125,22.6,80.0,2620,中雨~阴,PID,35.35,53.5,470.0,155.0,24.6,41.05,0.0,0.0,0.0,0.0,0.0,1003.5,1001.3,7.5,1.5,7.0,0.0,0.5249999999999999,2.64,18.5,162.0,8.4,10.7,162.5,35.05,30.700000000000003,26.8,21.4,0.2585,0.2865,0.358,0.365,625.0,618.75,625.0,1003.65,906.45,564.8,558.1500000000001,139.85,424.95000000000005,564.8
2024-07-30 08:00:00,45503.0,0.333333333333333,23.9,80.0,2314,中雨~阴,PID,35.2,54.0,404.0,148.0,24.6,40.5,0.0,0.0,0.0,0.0,0.0,1003.2,1001.0,9.0,1.0,8.0,0.0,0.47,2.6,17.6,154.0,8.4,10.8,155.0,34.9,30.8,26.8,21.4,0.258,0.286,0.358,0.365,552.0,589.0,552.0,910.3,800.2,485.2,517.7,130.1,355.1,485.2
2024-07-30 08:30:00,45503.0,0.354166666666667,24.1,80.0,2368,中雨~阴,PID,34.900000000000006,56.0,329.5,133.0,24.85,40.35,0.0,0.0,0.0,0.0,0.0,1002.85,1000.65,6.5,0.5,6.0,0.0,0.4,2.46,17.1,147.0,8.3,11.55,147.0,34.599999999999994,30.9,26.8,21.4,0.2575,0.2855,0.358,0.365,462.5,544.55,462.5,793.55,674.2,393.7,461.40000000000003,112.85,280.85,393.7
2024-07-30 09:00:00,45503.0,0.375,24.8,80.0,2271,中雨~阴,PID,34.6,58.0,255.0,118.0,25.1,40.2,0.0,0.0,0.0,0.0,0.0,1002.5,1000.3,4.0,0.0,4.0,0.0,0.33,2.32,16.6,140.0,8.2,12.3,139.0,34.3,31.0,26.8,21.4,0.257,0.285,0.358,0.365,373.0,500.1,373.0,676.8,548.2,302.2,405.1,95.6,206.6,302.2
2024-07-30 09:30:00,45503.0,0.395833333333333,25,80.0,2253,中雨~阴,PID,34.05,63.0,183.0,100.5,25.950000000000003,40.35,0.0,0.0,0.0,0.0,0.0,1002.4,1000.2,5.0,0.0,5.0,0.0,0.255,1.9849999999999999,15.5,140.0,7.3999999999999995,13.2,139.0,33.95,31.05,26.85,21.4,0.2565,0.285,0.358,0.365,283.5,428.75,283.5,544.45,411.1,215.6,321.35,75.4,140.2,215.6
2024-07-30 10:00:00,45503.0,0.416666666666667,24.2,80.0,2312,中雨~阴,PID,33.5,68.0,111.0,83.0,26.8,40.5,0.0,0.0,0.0,0.0,0.0,1002.3,1000.1,6.0,0.0,6.0,0.0,0.18,1.65,14.4,140.0,6.6,14.1,139.0,33.6,31.1,26.9,21.4,0.256,0.285,0.358,0.365,194.0,357.4,194.0,412.1,274.0,129.0,237.6,55.2,73.8,129.0
2024-07-30 10:30:00,45503.0,0.4375,24.3,80.0,2342,中雨~阴,PID,32.7,71.0,64.0,55.5,26.700000000000003,39.6,0.0,0.0,0.0,0.0,0.0,1002.5,1000.3,4.0,0.0,4.0,0.0,0.12,1.4449999999999998,12.95,138.5,6.6,15.2,139.0,33.1,31.1,26.9,21.4,0.256,0.285,0.358,0.365,119.5,239.64999999999998,119.5,273.3,137.0,64.5,118.79999999999998,27.599999999999998,36.9,64.5
2024-07-30 11:00:00,45503.0,0.458333333333333,23.8,80.0,2525,中雨~阴,PID,31.9,74.0,17.0,28.0,26.6,38.7,0.0,0.0,0.0,0.0,0.0,1002.7,1000.5,2.0,0.0,2.0,0.0,0.06,1.24,11.5,137.0,6.6,16.3,139.0,32.6,31.1,26.9,21.4,0.256,0.285,0.358,0.365,45.0,121.9,45.0,134.5,0.0,0.0,0.0,0.0,0.0,0.0
2024-07-30 11:30:00,45503.0,0.479166666666667,23.8,80.0,2390,中雨~阴,PID,31.35,75.5,8.5,14.0,26.5,38.1,0.0,0.0,0.0,0.0,0.0,1003.05,1000.8,2.0,0.0,2.0,0.0,0.04,1.1199999999999999,11.35,139.0,6.35,16.1,139.5,32.2,31.1,26.9,21.45,0.256,0.285,0.358,0.365,22.5,60.949999999999996,22.5,67.25,0.0,0.0,0.0,0.0,0.0,0.0
2024-07-30 12:00:00,45503.0,0.5,24.8,80.0,2431,中雨~阴,PID,30.8,77.0,0.0,0.0,26.4,37.5,0.0,0.0,0.0,0.0,0.0,1003.4,1001.1,2.0,0.0,2.0,0.0,0.02,1.0,11.2,141.0,6.1,15.9,140.0,31.8,31.1,26.9,21.5,0.256,0.285,0.358,0.365,0.0,0.0,0.0,0.0,0.0,0.0,0.0,0.0,0.0,0.0
2024-07-30 12:30:00,45503.0,0.520833333333333,24.7,80.0,2516,中雨~阴,PID,31.0,75.5,0.0,0.0,26.25,37.55,0.0,0.0,0.0,0.0,0.0,1003.45,1001.2,1.5,0.0,1.5,0.0,0.025,1.085,13.0,144.5,6.85,17.5,144.5,31.950000000000003,31.05,26.9,21.5,0.2545,0.284,0.3575,0.365,0.0,0.0,0.0,0.0,0.0,0.0,0.0,0.0,0.0,0.0
2024-07-30 13:00:00,45503.0,0.541666666666667,25.1,80.0,2346,中雨~阴,PID,31.2,74.0,0.0,0.0,26.1,37.6,0.0,0.0,0.0,0.0,0.0,1003.5,1001.3,1.0,0.0,1.0,0.0,0.03,1.17,14.8,148.0,7.6,19.1,149.0,32.1,31.0,26.9,21.5,0.253,0.283,0.357,0.365,0.0,0.0,0.0,0.0,0.0,0.0,0.0,0.0,0.0,0.0
2024-07-30 13:30:00,45503.0,0.5625,24.9,80.0,2328,中雨~阴,PID,30.799999999999997,76.0,0.0,0.0,26.15,37.35,0.0,0.0,0.0,0.0,0.0,1003.6,1001.3499999999999,0.5,0.0,0.5,0.0,0.025,1.0599999999999998,13.9,150.5,6.8,17.6,148.0,31.75,30.95,26.9,21.5,0.253,0.283,0.357,0.365,0.0,0.0,0.0,0.0,0.0,0.0,0.0,0.0,0.0,0.0
2024-07-30 14:00:00,45503.0,0.583333333333333,23.7,80.0,2380,中雨~阴,PID,30.4,78.0,0.0,0.0,26.2,37.1,0.0,0.0,0.0,0.0,0.0,1003.7,1001.4,0.0,0.0,0.0,0.0,0.02,0.95,13.0,153.0,6.0,16.1,147.0,31.4,30.9,26.9,21.5,0.253,0.283,0.357,0.365,0.0,0.0,0.0,0.0,0.0,0.0,0.0,0.0,0.0,0.0
2024-07-30 14:30:00,45503.0,0.604166666666667,23.5,80.0,2250,中雨~阴,PID,30.299999999999997,78.0,0.0,0.0,26.1,36.900000000000006,0.0,0.0,0.0,0.0,0.5,1003.8,1001.5,13.0,1.0,2.5,11.0,0.02,0.94,11.9,145.5,6.3,16.700000000000003,139.0,31.1,30.9,26.9,21.5,0.253,0.283,0.357,0.365,0.0,0.0,0.0,0.0,0.0,0.0,0.0,0.0,0.0,0.0
2024-07-30 15:00:00,45503.0,0.625,22.7,80.0,2158,中雨~阴,PID,30.2,78.0,0.0,0.0,26.0,36.7,0.0,0.0,0.0,0.0,1.0,1003.9,1001.6,26.0,2.0,5.0,22.0,0.02,0.93,10.8,138.0,6.6,17.3,131.0,30.8,30.9,26.9,21.5,0.253,0.283,0.357,0.365,0.0,0.0,0.0,0.0,0.0,0.0,0.0,0.0,0.0,0.0
2024-07-30 15:30:00,45503.0,0.645833333333333,22.4,79.9,2363,中雨~阴,PID,30.2,77.0,0.0,0.0,25.8,36.45,0.0,0.0,0.0,0.0,0.5,1003.95,1001.6500000000001,16.0,2.5,5.0,11.5,0.025,0.97,12.4,138.0,7.25,18.85,134.0,30.6,30.85,26.9,21.5,0.253,0.283,0.357,0.365,0.0,0.0,0.0,0.0,0.0,0.0,0.0,0.0,0.0,0.0
2024-07-30 16:00:00,45503.0,0.666666666666667,22.1,79.1,2315,中雨~阴,PID,30.2,76.0,0.0,0.0,25.6,36.2,0.0,0.0,0.0,0.0,0.0,1004.0,1001.7,6.0,3.0,5.0,1.0,0.03,1.01,14.0,138.0,7.9,20.4,137.0,30.4,30.8,26.9,21.5,0.253,0.283,0.357,0.365,0.0,0.0,0.0,0.0,0.0,0.0,0.0,0.0,0.0,0.0
2024-07-30 16:30:00,45503.0,0.6875,21.8,78.5,2292,中雨~阴,PID,29.95,77.5,0.0,0.0,25.6,36.05,0.0,0.0,0.0,0.0,0.0,1003.9,1001.6,3.0,1.5,2.5,0.5,0.025,0.95,14.0,155.5,7.4,18.75,161.5,30.2,30.700000000000003,26.9,21.5,0.2535,0.283,0.357,0.365,0.0,0.0,0.0,0.0,0.0,0.0,0.0,0.0,0.0,0.0
2024-07-30 17:00:00,45503.0,0.708333333333333,21.4,77.8,2471,中雨~阴,PID,29.7,79.0,0.0,0.0,25.6,35.9,0.0,0.0,0.0,0.0,0.0,1003.8,1001.5,0.0,0.0,0.0,0.0,0.02,0.89,14.0,173.0,6.9,17.1,186.0,30.0,30.6,26.9,21.5,0.254,0.283,0.357,0.365,0.0,0.0,0.0,0.0,0.0,0.0,0.0,0.0,0.0,0.0
2024-07-30 17:30:00,45503.0,0.729166666666667,21.1,77.3,2519,中雨~阴,PID,29.4,80.5,0.0,0.0,25.700000000000003,35.7,0.0,0.0,0.0,0.0,0.0,1003.75,1001.45,3.5,0.0,3.5,0.0,0.015,0.8,13.1,181.5,6.35,16.05,185.0,29.85,30.55,26.9,21.5,0.254,0.283,0.357,0.365,0.0,0.0,0.0,0.0,0.0,0.0,0.0,0.0,0.0,0.0
2024-07-30 18:00:00,45503.0,0.75,21.5,77.0,2370,中雨~阴,PID,29.1,82.0,0.0,0.0,25.8,35.5,0.0,0.0,0.0,0.0,0.0,1003.7,1001.4,7.0,0.0,7.0,0.0,0.01,0.71,12.2,190.0,5.8,15.0,184.0,29.7,30.5,26.9,21.5,0.254,0.283,0.357,0.365,0.0,0.0,0.0,0.0,0.0,0.0,0.0,0.0,0.0,0.0
2024-07-30 18:30:00,45503.0,0.770833333333333,21.2,76.6,2443,中雨~阴,PID,29.0,83.0,0.0,0.0,25.8,35.4,0.0,0.0,0.0,0.0,0.0,1003.6,1001.3,8.0,0.0,7.5,0.5,0.01,0.6799999999999999,11.149999999999999,203.5,5.85,14.7,189.0,29.549999999999997,30.45,26.9,21.5,0.254,0.283,0.357,0.365,0.0,0.0,0.0,0.0,0.0,0.0,0.0,0.0,0.0,0.0
2024-07-30 19:00:00,45503.0,0.791666666666667,21.5,76.4,2326,中雨~阴,PID,28.9,84.0,0.0,0.0,25.8,35.3,0.0,0.0,0.0,0.0,0.0,1003.5,1001.2,9.0,0.0,8.0,1.0,0.01,0.65,10.1,217.0,5.9,14.4,194.0,29.4,30.4,26.9,21.5,0.254,0.283,0.357,0.365,0.0,0.0,0.0,0.0,0.0,0.0,0.0,0.0,0.0,0.0
2024-07-30 19:30:00,45503.0,0.8125,21.2,76.2,2301,中雨~阴,PID,28.95,85.0,0.0,0.0,26.1,35.5,0.0,0.0,0.0,0.0,0.0,1003.55,1001.25,11.0,0.0,10.5,0.5,0.01,0.61,11.149999999999999,231.0,6.4,15.55,210.5,29.299999999999997,30.299999999999997,26.95,21.5,0.254,0.2835,0.357,0.365,0.0,0.0,0.0,0.0,0.0,0.0,0.0,0.0,0.0,0.0
2024-07-30 20:00:00,45503.0,0.833333333333333,20.2,75.8,2250,中雨~阴,PID,29.0,86.0,0.0,0.0,26.4,35.7,0.0,0.0,0.0,0.0,0.0,1003.6,1001.3,13.0,0.0,13.0,0.0,0.01,0.57,12.2,245.0,6.9,16.7,227.0,29.2,30.2,27.0,21.5,0.254,0.284,0.357,0.365,0.0,0.0,0.0,0.0,0.0,0.0,0.0,0.0,0.0,0.0
2024-07-30 20:30:00,45503.0,0.854166666666667,20,75.8,2250,中雨~阴,PID,29.0,86.0,0.0,0.0,26.45,35.7,0.0,0.0,0.0,0.0,0.0,1003.55,1001.25,8.0,0.0,8.0,0.0,0.01,0.5549999999999999,12.2,240.0,6.9,17.15,225.0,29.15,30.15,27.0,21.5,0.254,0.284,0.357,0.365,0.0,0.0,0.0,0.0,0.0,0.0,0.0,0.0,0.0,0.0
2024-07-30 21:00:00,45503.0,0.875,19.2,75.6,2220,中雨~阴,PID,29.0,86.0,0.0,0.0,26.5,35.7,0.0,0.0,0.0,0.0,0.0,1003.5,1001.2,3.0,0.0,3.0,0.0,0.01,0.54,12.2,235.0,6.9,17.6,223.0,29.1,30.1,27.0,21.5,0.254,0.284,0.357,0.365,0.0,0.0,0.0,0.0,0.0,0.0,0.0,0.0,0.0,0.0
2024-07-30 21:30:00,45503.0,0.895833333333333,19,75.8,2320,中雨~阴,PID,29.1,85.5,1.5,6.0,26.45,35.7,0.0,0.0,0.0,0.0,0.0,1003.7,1001.4000000000001,2.0,0.0,2.0,0.0,0.025,0.575,13.3,229.0,7.75,18.1,218.0,29.05,30.05,27.0,21.5,0.254,0.284,0.357,0.365,7.5,15.049999999999999,7.5,37.05,84.1,9.55,19.15,13.649999999999999,3.4000000000000004,17.05
2024-07-30 22:00:00,45503.0,0.916666666666667,18.9,76.0,2258,中雨~阴,PID,29.2,85.0,3.0,12.0,26.4,35.7,0.0,0.0,0.0,0.0,0.0,1003.9,1001.6,1.0,0.0,1.0,0.0,0.04,0.61,14.4,223.0,8.6,18.6,213.0,29.0,30.0,27.0,21.5,0.254,0.284,0.357,0.365,15.0,30.1,15.0,74.1,168.2,19.1,38.3,27.3,6.8,34.1
2024-07-30 22:30:00,45503.0,0.9375,18.8,76.3,2179,中雨~阴,PID,29.65,83.5,33.0,39.5,26.549999999999997,36.150000000000006,0.0,0.0,0.0,0.0,0.0,1004.0999999999999,1001.8,0.5,0.0,0.5,0.0,0.07500000000000001,0.685,15.850000000000001,221.5,8.95,18.25,210.5,29.2,29.95,27.0,21.5,0.254,0.284,0.357,0.365,72.5,151.0,72.5,190.85000000000002,307.15,103.80000000000001,216.25,62.25,49.1,111.30000000000001
2024-07-30 23:00:00,45503.0,0.958333333333333,18.8,76.8,2174,中雨~阴,PID,30.1,82.0,63.0,67.0,26.7,36.6,0.0,0.0,0.0,0.0,0.0,1004.3,1002.0,0.0,0.0,0.0,0.0,0.11,0.76,17.3,220.0,9.3,17.9,208.0,29.4,29.9,27.0,21.5,0.254,0.284,0.357,0.365,130.0,271.9,130.0,307.6,446.1,188.5,394.2,97.2,91.4,188.5
2024-07-30 23:30:00,45503.0,0.979166666666667,18.8,77.3,2286,中雨~阴,PID,30.65,79.5,132.0,88.5,26.65,37.05,0.0,0.0,0.0,0.0,0.0,1004.3499999999999,1002.05,0.0,0.0,0.0,0.0,0.18,0.91,19.1,218.0,10.100000000000001,16.549999999999997,211.0,29.799999999999997,29.85,27.0,21.5,0.254,0.2835,0.357,0.365,220.5,366.2,220.5,443.45,577.3,284.45,478.75,115.85,168.60000000000002,284.45
2024-07-31 00:00:00,45504.0,0.0,19.5,67.3,2197,阴~多云,PID,31.2,77.0,201.0,110.0,26.6,37.5,0.0,0.0,0.0,0.0,0.0,1004.4,1002.1,0.0,0.0,0.0,0.0,0.25,1.06,20.9,216.0,10.9,15.2,214.0,30.2,29.8,27.0,21.5,0.254,0.283,0.357,0.365,311.0,460.5,311.0,579.3,708.5,380.4,563.3,134.5,245.8,380.4
2024-07-31 00:30:00,45504.0,0.0208333333333333,19.5,67.8,2096,阴~多云,PID,31.950000000000003,72.5,286.5,122.0,26.35,37.9,0.0,0.0,0.0,0.0,0.0,1004.3499999999999,1002.1,0.0,0.0,0.0,0.0,0.32999999999999996,1.31,22.35,216.5,11.8,16.2,214.5,31.15,29.8,27.0,21.5,0.2525,0.2825,0.3565,0.365,408.5,528.95,408.5,702.9499999999999,823.1,477.25,620.5,143.25,333.9,477.25
2024-07-31 01:00:00,45504.0,0.0416666666666667,19.5,68.3,2201,阴~多云,PID,32.7,68.0,372.0,134.0,26.1,38.3,0.0,0.0,0.0,0.0,0.0,1004.3,1002.1,0.0,0.0,0.0,0.0,0.41,1.56,23.8,217.0,12.7,17.2,215.0,32.1,29.8,27.0,21.5,0.251,0.282,0.356,0.365,506.0,597.4,506.0,826.6,937.7,574.1,677.7,152.0,422.0,574.1
2024-07-31 01:30:00,45504.0,0.0625,19.6,68.9,2316,阴~多云,PID,33.1,65.5,447.0,143.0,25.8,38.4,0.0,0.0,0.0,0.0,0.0,1004.4,1002.2,0.0,0.0,0.0,0.0,0.48,1.74,28.450000000000003,219.0,15.549999999999999,20.85,217.5,32.45,29.85,27.0,21.5,0.2505,0.2815,0.356,0.365,590.0,634.25,590.0,929.55,1027.9,651.95,702.2,158.3,493.6,651.95
2024-07-31 02:00:00,45504.0,0.0833333333333333,19.7,69.5,2186,阴~多云,PID,33.5,63.0,522.0,152.0,25.5,38.5,0.0,0.0,0.0,0.0,0.0,1004.5,1002.3,0.0,0.0,0.0,0.0,0.55,1.92,33.1,221.0,18.4,24.5,220.0,32.8,29.9,27.0,21.5,0.25,0.281,0.356,0.365,674.0,671.1,674.0,1032.5,1118.1,729.8,726.7,164.6,565.2,729.8
2024-07-31 02:30:00,45504.0,0.104166666666667,19.9,70.2,2179,阴~多云,PID,33.85,61.0,577.5,158.5,25.25,38.9,0.0,0.0,0.0,0.0,0.0,1004.4,1002.2,4.0,3.0,3.0,0.0,0.6000000000000001,2.065,34.35,223.5,19.0,25.25,223.0,33.15,29.95,27.0,21.5,0.249,0.2805,0.3555,0.365,736.0,690.6500000000001,736.0,1107.8,1177.65,782.15,734.6500000000001,168.55,613.55,782.15
2024-07-31 03:00:00,45504.0,0.125,20.1,71.0,2353,阴~多云,PID,34.2,59.0,633.0,165.0,25.0,39.3,0.0,0.0,0.0,0.0,0.0,1004.3,1002.1,8.0,6.0,6.0,0.0,0.65,2.21,35.6,226.0,19.6,26.0,226.0,33.5,30.0,27.0,21.5,0.248,0.28,0.355,0.365,798.0,710.2,798.0,1183.1,1237.2,834.5,742.6,172.5,661.9,834.5
2024-07-31 03:30:00,45504.0,0.145833333333333,20.3,71.7,2325,阴~多云,PID,34.45,58.0,639.0,174.0,25.0,39.7,0.0,0.0,0.0,0.0,0.0,1003.95,1001.75,6.5,4.5,5.5,0.0,0.665,2.285,35.6,227.5,19.0,25.0,227.0,33.8,30.1,27.0,21.5,0.247,0.2795,0.355,0.365,813.0,692.7,813.0,1225.6,1262.1,837.45,713.9000000000001,179.1,658.25,837.45
2024-07-31 04:00:00,45504.0,0.166666666666667,20.6,72.5,2223,阴~多云,PID,34.7,57.0,645.0,183.0,25.0,40.1,0.0,0.0,0.0,0.0,0.0,1003.6,1001.4,5.0,3.0,5.0,0.0,0.68,2.36,35.6,229.0,18.4,24.0,228.0,34.1,30.2,27.0,21.5,0.246,0.279,0.355,0.365,828.0,675.2,828.0,1268.1,1287.0,840.4,685.2,185.7,654.6,840.4
2024-07-31 04:30:00,45504.0,0.1875,20.9,73.2,2297,阴~多云,PID,34.900000000000006,56.5,654.0,180.5,24.95,40.5,0.0,0.0,0.0,0.0,0.0,1003.35,1001.15,6.5,1.5,6.0,0.5,0.69,2.4299999999999997,34.55,229.0,17.35,22.7,228.5,34.35,30.299999999999997,27.0,21.5,0.2445,0.2785,0.355,0.365,834.5,680.95,834.5,1274.85,1275.55,834.95,681.25,180.64999999999998,654.25,834.95
2024-07-31 05:00:00,45504.0,0.208333333333333,21.2,73.9,2192,阴~多云,PID,35.1,56.0,663.0,178.0,24.9,40.9,0.0,0.0,0.0,0.0,0.0,1003.1,1000.9,8.0,0.0,7.0,1.0,0.7,2.5,33.5,229.0,16.3,21.4,229.0,34.6,30.4,27.0,21.5,0.243,0.278,0.355,0.365,841.0,686.7,841.0,1281.6,1264.1,829.5,677.3,175.6,653.9,829.5
2024-07-31 05:30:00,45504.0,0.229166666666667,21.5,74.6,2310,阴~多云,PID,35.2,55.5,647.0,175.5,24.85,40.9,0.0,0.0,0.0,0.0,0.0,1002.75,1000.55,7.5,0.5,6.5,0.5,0.69,2.535,32.05,225.5,16.05,21.15,225.0,34.75,30.5,27.0,21.5,0.242,0.2775,0.3545,0.365,822.5,685.85,822.5,1252.15,1217.05,799.4,666.4,170.55,628.8499999999999,799.4
2024-07-31 06:00:00,45504.0,0.25,21.9,75.2,2403,阴~多云,PID,35.3,55.0,631.0,173.0,24.8,40.9,0.0,0.0,0.0,0.0,0.0,1002.4,1000.2,7.0,1.0,6.0,0.0,0.68,2.57,30.6,222.0,15.8,20.9,221.0,34.9,30.6,27.0,21.5,0.241,0.277,0.354,0.365,804.0,685.0,804.0,1222.7,1170.0,769.3,655.5,165.5,603.8,769.3
2024-07-31 06:30:00,45504.0,0.270833333333333,22.2,75.7,2457,阴~多云,PID,35.25,55.0,585.5,167.5,24.8,40.599999999999994,0.0,0.0,0.0,0.0,0.0,1002.15,999.95,7.0,1.5,6.0,0.0,0.64,2.555,30.05,219.5,15.75,20.85,219.0,34.95,30.700000000000003,27.0,21.5,0.2405,0.2765,0.354,0.365,753.0,669.65,753.0,1159.1,1090.5,708.5999999999999,629.7,157.5,551.0999999999999,708.5999999999999
2024-07-31 07:00:00,45504.0,0.291666666666667,22.5,76.2,2493,阴~多云,PID,35.2,55.0,540.0,162.0,24.8,40.3,0.0,0.0,0.0,0.0,0.0,1001.9,999.7,7.0,2.0,6.0,0.0,0.6,2.54,29.5,217.0,15.7,20.8,217.0,35.0,30.8,27.0,21.5,0.24,0.276,0.354,0.365,702.0,654.3,702.0,1095.5,1011.0,647.9,603.9,149.5,498.4,647.9
2024-07-31 07:30:00,45504.0,0.3125,22.8,76.6,2503,阴~多云,PID,34.95,56.5,472.5,153.0,24.950000000000003,39.8,0.0,0.0,0.0,0.0,0.0,1001.75,999.55,6.5,2.0,6.0,0.0,0.5449999999999999,2.4450000000000003,28.95,214.5,15.35,20.6,213.5,34.85,30.9,27.0,21.55,0.239,0.2755,0.3535,0.365,625.5,623.05,625.5,1002.0,904.55,565.1,561.9,138.0,427.1,565.1
2024-07-31 08:00:00,45504.0,0.333333333333333,24,77.2,2365,阴~多云,PID,34.7,58.0,405.0,144.0,25.1,39.3,0.0,0.0,0.0,0.0,0.0,1001.6,999.4,6.0,2.0,6.0,0.0,0.49,2.35,28.4,212.0,15.0,20.4,210.0,34.7,31.0,27.0,21.6,0.238,0.275,0.353,0.365,549.0,591.8,549.0,908.5,798.1,482.3,519.9,126.5,355.8,482.3
2024-07-31 08:30:00,45504.0,0.354166666666667,24.3,77.5,2250,阴~多云,PID,34.400000000000006,60.0,327.0,131.0,25.5,39.45,0.0,0.0,0.0,0.0,0.0,1001.5,999.3,8.5,2.5,5.5,2.5,0.41500000000000004,2.1799999999999997,27.5,212.0,13.8,19.6,210.5,34.45,31.05,27.0,21.6,0.2375,0.275,0.353,0.365,458.0,540.95,458.0,791.5,671.9000000000001,389.6,458.2,111.0,278.65,389.6
2024-07-31 09:00:00,45504.0,0.375,25.2,77.8,2237,阴~多云,PID,34.1,62.0,249.0,118.0,25.9,39.6,0.0,0.0,0.0,0.0,0.0,1001.4,999.2,11.0,3.0,5.0,5.0,0.34,2.01,26.6,212.0,12.6,18.8,211.0,34.2,31.1,27.0,21.6,0.237,0.275,0.353,0.365,367.0,490.1,367.0,674.5,545.7,296.9,396.5,95.5,201.5,296.9
2024-07-31 09:30:00,45504.0,0.395833333333333,25.4,77.9,2430,阴~多云,PID,33.650000000000006,65.0,176.5,100.0,26.2,39.650000000000006,0.0,0.0,0.0,0.0,0.0,1001.45,999.25,9.5,2.0,5.5,3.5,0.26,1.815,23.75,212.5,10.399999999999999,17.6,210.0,33.85,31.15,27.05,21.6,0.237,0.275,0.353,0.365,276.5,413.65,276.5,541.95,408.35,210.0,309.85,74.9,135.15,210.0
2024-07-31 10:00:00,45504.0,0.416666666666667,24.8,77.6,2336,阴~多云,PID,33.2,68.0,104.0,82.0,26.5,39.7,0.0,0.0,0.0,0.0,0.0,1001.5,999.3,8.0,1.0,6.0,2.0,0.18,1.62,20.9,213.0,8.2,16.4,209.0,33.5,31.2,27.1,21.6,0.237,0.275,0.353,0.365,186.0,337.2,186.0,409.4,271.0,123.1,223.2,54.3,68.8,123.1
2024-07-31 10:30:00,45504.0,0.4375,24.9,77.4,2292,阴~多云,PID,32.55,70.0,60.0,54.5,26.4,39.1,0.0,0.0,0.0,0.0,0.0,1001.75,999.55,11.0,0.5,10.0,1.0,0.125,1.465,17.45,210.5,7.85,17.15,203.0,33.05,31.2,27.1,21.6,0.237,0.275,0.353,0.365,114.5,226.45,114.5,270.35,135.5,61.550000000000004,111.60000000000001,27.15,34.4,61.550000000000004
2024-07-31 11:00:00,45504.0,0.458333333333333,24.4,77.0,2518,阴~多云,PID,31.9,72.0,16.0,27.0,26.3,38.5,0.0,0.0,0.0,0.0,0.0,1002.0,999.8,14.0,0.0,14.0,0.0,0.07,1.31,14.0,208.0,7.5,17.9,197.0,32.6,31.2,27.1,21.6,0.237,0.275,0.353,0.365,43.0,115.7,43.0,131.3,0.0,0.0,0.0,0.0,0.0,0.0
2024-07-31 11:30:00,45504.0,0.479166666666667,24.4,76.6,2434,阴~多云,PID,31.75,72.0,8.0,13.5,26.15,38.0,0.0,0.0,0.0,0.0,0.0,1002.4,1000.2,10.0,0.0,9.5,0.0,0.05500000000000001,1.3,15.3,208.0,8.65,20.0,197.0,32.25,31.2,27.1,21.6,0.237,0.275,0.353,0.365,21.5,57.85,21.5,65.65,0.0,0.0,0.0,0.0,0.0,0.0
2024-07-31 12:00:00,45504.0,0.5,25.2,76.4,2528,阴~多云,PID,31.6,72.0,0.0,0.0,26.0,37.5,0.0,0.0,0.0,0.0,0.0,1002.8,1000.6,6.0,0.0,5.0,0.0,0.04,1.29,16.6,208.0,9.8,22.1,197.0,31.9,31.2,27.1,21.6,0.237,0.275,0.353,0.365,0.0,0.0,0.0,0.0,0.0,0.0,0.0,0.0,0.0,0.0
2024-07-31 12:30:00,45504.0,0.520833333333333,25.2,75.9,2556,阴~多云,PID,31.55,72.0,0.0,0.0,25.95,37.45,0.0,0.0,0.0,0.0,0.0,1002.95,1000.75,8.0,0.0,6.0,2.0,0.04,1.2850000000000001,16.200000000000003,203.5,9.65,21.700000000000003,194.0,31.9,31.15,27.1,21.6,0.2355,0.274,0.3525,0.365,0.0,0.0,0.0,0.0,0.0,0.0,0.0,0.0,0.0,0.0
2024-07-31 13:00:00,45504.0,0.541666666666667,25.8,75.5,2314,阴~多云,PID,31.5,72.0,0.0,0.0,25.9,37.4,0.0,0.0,0.0,0.0,0.0,1003.1,1000.9,10.0,0.0,7.0,4.0,0.04,1.28,15.8,199.0,9.5,21.3,191.0,31.9,31.1,27.1,21.6,0.234,0.273,0.352,0.365,0.0,0.0,0.0,0.0,0.0,0.0,0.0,0.0,0.0,0.0
2024-07-31 13:30:00,45504.0,0.5625,25.7,74.9,2294,阴~多云,PID,31.35,72.5,0.0,0.0,25.85,37.099999999999994,0.0,0.0,0.0,0.0,0.5,1003.25,1001.05,15.5,1.5,13.0,2.5,0.045,1.25,18.0,199.0,10.7,23.25,192.5,31.65,31.05,27.1,21.6,0.2345,0.273,0.352,0.365,0.0,0.0,0.0,0.0,0.0,0.0,0.0,0.0,0.0,0.0
2024-07-31 14:00:00,45504.0,0.583333333333333,24.8,74.0,2306,阴~多云,PID,31.2,73.0,0.0,0.0,25.8,36.8,0.0,0.0,0.0,0.0,1.0,1003.4,1001.2,21.0,3.0,19.0,1.0,0.05,1.22,20.2,199.0,11.9,25.2,194.0,31.4,31.0,27.1,21.6,0.235,0.273,0.352,0.365,0.0,0.0,0.0,0.0,0.0,0.0,0.0,0.0,0.0,0.0
2024-07-31 14:30:00,45504.0,0.604166666666667,24.6,73.3,2386,阴~多云,PID,31.1,73.0,0.0,0.0,25.700000000000003,36.65,0.0,0.0,0.0,0.0,0.5,1003.3499999999999,1001.1,19.0,1.5,16.0,3.0,0.05,1.2149999999999999,20.2,200.5,11.600000000000001,24.799999999999997,195.5,31.2,30.95,27.1,21.6,0.235,0.273,0.352,0.365,0.0,0.0,0.0,0.0,0.0,0.0,0.0,0.0,0.0,0.0
2024-07-31 15:00:00,45504.0,0.625,23.7,72.4,2425,阴~多云,PID,31.0,73.0,0.0,0.0,25.6,36.5,0.0,0.0,0.0,0.0,0.0,1003.3,1001.0,17.0,0.0,13.0,5.0,0.05,1.21,20.2,202.0,11.3,24.4,197.0,31.0,30.9,27.1,21.6,0.235,0.273,0.352,0.365,0.0,0.0,0.0,0.0,0.0,0.0,0.0,0.0,0.0,0.0
2024-07-31 15:30:00,45504.0,0.645833333333333,23.5,71.6,2353,阴~多云,PID,30.85,73.0,0.0,0.0,25.4,36.2,0.0,0.0,0.0,0.0,0.0,1003.05,1000.75,17.5,0.0,15.5,2.5,0.05,1.21,19.799999999999997,203.5,11.350000000000001,24.7,197.5,30.8,30.9,27.1,21.6,0.235,0.273,0.352,0.365,0.0,0.0,0.0,0.0,0.0,0.0,0.0,0.0,0.0,0.0
2024-07-31 16:00:00,45504.0,0.666666666666667,23.2,70.9,2284,阴~多云,PID,30.7,73.0,0.0,0.0,25.2,35.9,0.0,0.0,0.0,0.0,0.0,1002.8,1000.5,18.0,0.0,18.0,0.0,0.05,1.21,19.4,205.0,11.4,25.0,198.0,30.6,30.9,27.1,21.6,0.235,0.273,0.352,0.365,0.0,0.0,0.0,0.0,0.0,0.0,0.0,0.0,0.0,0.0
2024-07-31 16:30:00,45504.0,0.6875,22.9,70.2,2303,阴~多云,PID,30.7,72.0,0.0,0.0,25.0,35.65,0.0,0.0,0.0,0.0,0.0,1002.55,1000.25,11.0,1.5,10.5,0.0,0.055,1.245,20.5,206.0,12.05,25.85,201.5,30.5,30.85,27.1,21.6,0.235,0.273,0.352,0.365,0.0,0.0,0.0,0.0,0.0,0.0,0.0,0.0,0.0,0.0
2024-07-31 17:00:00,45504.0,0.708333333333333,22.6,69.5,2445,阴~多云,PID,30.7,71.0,0.0,0.0,24.8,35.4,0.0,0.0,0.0,0.0,0.0,1002.3,1000.0,4.0,3.0,3.0,0.0,0.06,1.28,21.6,207.0,12.7,26.7,205.0,30.4,30.8,27.1,21.6,0.235,0.273,0.352,0.365,0.0,0.0,0.0,0.0,0.0,0.0,0.0,0.0,0.0,0.0
2024-07-31 17:30:00,45504.0,0.729166666666667,22.3,68.8,2515,阴~多云,PID,30.549999999999997,71.0,0.0,0.0,24.75,35.3,0.0,0.0,0.0,0.0,0.0,1002.25,999.95,4.0,1.5,3.5,0.0,0.06,1.26,21.8,209.5,12.399999999999999,26.15,207.5,30.25,30.75,27.1,21.6,0.235,0.273,0.352,0.365,0.0,0.0,0.0,0.0,0.0,0.0,0.0,0.0,0.0,0.0
2024-07-31 18:00:00,45504.0,0.75,22.9,68.5,2425,阴~多云,PID,30.4,71.0,0.0,0.0,24.7,35.2,0.0,0.0,0.0,0.0,0.0,1002.2,999.9,4.0,0.0,4.0,0.0,0.06,1.24,22.0,212.0,12.1,25.6,210.0,30.1,30.7,27.1,21.6,0.235,0.273,0.352,0.365,0.0,0.0,0.0,0.0,0.0,0.0,0.0,0.0,0.0,0.0
2024-07-31 18:30:00,45504.0,0.770833333333333,22.6,68.0,2410,阴~多云,PID,30.1,73.5,0.0,0.0,24.9,35.05,0.0,0.0,0.0,0.0,0.0,1002.2,999.9,2.5,0.0,2.5,0.0,0.05,1.125,21.45,219.5,11.649999999999999,24.9,217.5,30.0,30.6,27.1,21.6,0.235,0.273,0.352,0.365,0.0,0.0,0.0,0.0,0.0,0.0,0.0,0.0,0.0,0.0
2024-07-31 19:00:00,45504.0,0.791666666666667,23.1,67.8,2288,阴~多云,PID,29.8,76.0,0.0,0.0,25.1,34.9,0.0,0.0,0.0,0.0,0.0,1002.2,999.9,1.0,0.0,1.0,0.0,0.04,1.01,20.9,227.0,11.2,24.2,225.0,29.9,30.5,27.1,21.6,0.235,0.273,0.352,0.365,0.0,0.0,0.0,0.0,0.0,0.0,0.0,0.0,0.0,0.0
2024-07-31 19:30:00,45504.0,0.8125,22.8,67.4,2298,阴~多云,PID,29.6,77.0,0.0,0.0,25.15,34.75,0.0,0.0,0.0,0.0,0.0,1002.4000000000001,1000.0999999999999,1.5,0.0,1.5,0.0,0.035,0.95,20.549999999999997,222.0,11.149999999999999,23.799999999999997,217.0,29.75,30.45,27.15,21.6,0.235,0.273,0.352,0.365,0.0,0.0,0.0,0.0,0.0,0.0,0.0,0.0,0.0,0.0
2024-07-31 20:00:00,45504.0,0.833333333333333,21.5,66.8,2233,阴~多云,PID,29.4,78.0,0.0,0.0,25.2,34.6,0.0,0.0,0.0,0.0,0.0,1002.6,1000.3,2.0,0.0,2.0,0.0,0.03,0.89,20.2,217.0,11.1,23.4,209.0,29.6,30.4,27.2,21.6,0.235,0.273,0.352,0.365,0.0,0.0,0.0,0.0,0.0,0.0,0.0,0.0,0.0,0.0
2024-07-31 20:30:00,45504.0,0.854166666666667,21.2,66.6,2355,阴~多云,PID,29.2,79.0,0.0,0.0,25.15,34.400000000000006,0.0,0.0,0.0,0.0,0.0,1002.7,1000.4,6.0,0.0,6.0,0.0,0.03,0.855,19.799999999999997,215.5,10.8,22.85,208.0,29.5,30.35,27.2,21.6,0.235,0.273,0.352,0.365,0.0,0.0,0.0,0.0,0.0,0.0,0.0,0.0,0.0,0.0
2024-07-31 21:00:00,45504.0,0.875,20.1,66.3,2324,阴~多云,PID,29.0,80.0,0.0,0.0,25.1,34.2,0.0,0.0,0.0,0.0,0.0,1002.8,1000.5,10.0,0.0,10.0,0.0,0.03,0.82,19.4,214.0,10.5,22.3,207.0,29.4,30.3,27.2,21.6,0.235,0.273,0.352,0.365,0.0,0.0,0.0,0.0,0.0,0.0,0.0,0.0,0.0,0.0
2024-07-31 21:30:00,45504.0,0.895833333333333,19.9,66.3,2316,阴~多云,PID,28.95,80.5,1.5,5.5,25.200000000000003,34.25,0.0,0.0,0.0,0.0,0.0,1003.05,1000.75,8.5,0.0,6.0,3.0,0.04,0.79,19.049999999999997,212.0,10.6,21.950000000000003,203.5,29.299999999999997,30.25,27.2,21.6,0.235,0.273,0.352,0.365,7.0,15.2,7.0,36.4,82.8,8.85,19.2,12.5,3.4000000000000004,15.95
2024-07-31 22:00:00,45504.0,0.916666666666667,19.8,66.4,2245,阴~多云,PID,28.9,81.0,3.0,11.0,25.3,34.3,0.0,0.0,0.0,0.0,0.0,1003.3,1001.0,7.0,0.0,2.0,6.0,0.05,0.76,18.7,210.0,10.7,21.6,200.0,29.2,30.2,27.2,21.6,0.235,0.273,0.352,0.365,14.0,30.4,14.0,72.8,165.6,17.7,38.4,25.0,6.8,31.9
2024-07-31 22:30:00,45504.0,0.9375,19.6,66.6,2135,阴~多云,PID,29.35,80.5,30.5,39.5,25.6,34.849999999999994,0.0,0.0,0.0,0.0,0.5,1003.5,1001.2,23.5,0.0,2.5,22.0,0.08499999999999999,0.8049999999999999,20.15,209.0,11.149999999999999,22.0,198.0,29.35,30.15,27.2,21.6,0.235,0.273,0.3515,0.365,70.0,141.35,70.0,189.0,304.75,100.50000000000001,202.70000000000002,61.95,45.6,107.6
2024-07-31 23:00:00,45504.0,0.958333333333333,19.5,66.9,2187,阴~多云,PID,29.8,80.0,58.0,68.0,25.9,35.4,0.0,0.0,0.0,0.0,1.0,1003.7,1001.4,40.0,0.0,3.0,38.0,0.12,0.85,21.6,208.0,11.6,22.4,196.0,29.5,30.1,27.2,21.6,0.235,0.273,0.351,0.365,126.0,252.3,126.0,305.2,443.9,183.3,367.0,98.9,84.4,183.3
2024-07-31 23:30:00,45504.0,0.979166666666667,19.5,67.3,2197,阴~多云,PID,,,,,,,,,,,,,,,,,,,,,,,,,,,,,,,,,,,,,,,,,,
